0 0.79 0.437 0.035 0.151
0 0.734 0.433 0.02 0.106
0 0.757 0.428 0.021 0.115
0 0.861 0.454 0.025 0.179
0 0.838 0.454 0.036 0.185
0 0.699 0.443 0.014 0.076
0 0.702 0.455 0.011 0.065
0 0.663 0.421 0.01 0.079
0 0.672 0.43 0.013 0.104
0 0.402 0.413 0.01 0.084
0 0.683 0.432 0.028 0.107
0 0.647 0.392 0.003 0.013
0 0.638 0.393 0.008 0.018
0 0.659 0.406 0.018 0.053
0 0.574 0.448 0.032 0.15
0 0.561 0.441 0.036 0.171
0 0.528 0.436 0.018 0.156
0 0.98 0.449 0.02 0.14
0 0.95 0.416 0.055 0.164
0 0.985 0.434 0.025 0.161
1 0.808 0.439 0.029 0.159
2 0.591 0.415 0.028 0.052
2 0.592 0.434 0.018 0.065
2 0.606 0.44 0.034 0.086
2 0.63 0.449 0.062 0.095
2 0.528 0.422 0.046 0.069
6 0.92 0.555 0.121 0.397
7 0.765 0.524 0.066 0.171
7 0.445 0.423 0.004 0.032
