0 0.481 0.417 0.006 0.017
0 0.614 0.412 0.003 0.017
0 0.474 0.436 0.012 0.047
0 0.34 0.424 0.015 0.02
0 0.216 0.426 0.026 0.073
0 0.24 0.47 0.021 0.132
2 0.509 0.429 0.009 0.02
2 0.544 0.414 0.007 0.015
2 0.519 0.423 0.012 0.014
2 0.461 0.438 0.019 0.026
2 0.581 0.434 0.029 0.04
2 0.427 0.44 0.051 0.053
2 0.36 0.51 0.128 0.177
2 0.603 0.466 0.021 0.077
2 0.613 0.47 0.026 0.094
2 0.633 0.468 0.038 0.109
2 0.657 0.482 0.072 0.147
2 0.707 0.504 0.085 0.228
2 0.827 0.549 0.241 0.364
2 0.93 0.646 0.134 0.531
2 0.499 0.432 0.02 0.023
2 0.501 0.435 0.01 0.021
2 0.493 0.437 0.012 0.023
2 0.486 0.437 0.013 0.023
2 0.48 0.437 0.009 0.021
7 0.145 0.519 0.071 0.21
