0 0.61 0.376 0.009 0.04
0 0.579 0.366 0.008 0.011
1 0.519 0.402 0.03 0.146
2 0.495 0.372 0.009 0.015
2 0.478 0.374 0.008 0.011
2 0.468 0.373 0.01 0.015
2 0.453 0.374 0.013 0.017
2 0.392 0.381 0.004 0.018
2 0.382 0.381 0.018 0.026
2 0.361 0.385 0.019 0.032
2 0.353 0.388 0.013 0.031
2 0.341 0.384 0.02 0.026
2 0.281 0.425 0.157 0.104
2 0.533 0.366 0.009 0.007
2 0.536 0.376 0.015 0.021
2 0.535 0.392 0.013 0.043
2 0.555 0.393 0.036 0.059
2 0.56 0.397 0.028 0.062
2 0.582 0.402 0.046 0.067
2 0.908 0.414 0.14 0.139
7 0.198 0.411 0.011 0.03
7 0.521 0.443 0.075 0.086
