1 0.431 0.41 0.015 0.056
1 0.25 0.414 0.013 0.044
1 0.482 0.426 0.031 0.107
1 0.607 0.406 0.043 0.152
2 0.005 0.431 0.005 0.033
2 0.102 0.425 0.015 0.036
2 0.253 0.408 0.039 0.043
2 0.199 0.419 0.034 0.026
2 0.227 0.416 0.038 0.03
2 0.291 0.406 0.022 0.023
2 0.291 0.413 0.021 0.024
2 0.387 0.451 0.096 0.109
2 0.49 0.432 0.068 0.093
2 0.601 0.428 0.126 0.078
7 0.432 0.429 0.021 0.045
7 0.249 0.43 0.019 0.03
7 0.486 0.464 0.031 0.069
7 0.509 0.463 0.023 0.085
7 0.558 0.471 0.051 0.114
7 0.541 0.475 0.044 0.114
7 0.612 0.473 0.028 0.109
