0 0.196 0.436 0.018 0.091
1 0.613 0.41 0.004 0.026
1 0.442 0.419 0.006 0.019
1 0.435 0.418 0.006 0.01
2 0.68 0.417 0.085 0.055
2 0.591 0.413 0.046 0.062
2 0.586 0.439 0.028 0.086
2 0.412 0.432 0.021 0.027
2 0.391 0.433 0.023 0.035
2 0.351 0.436 0.079 0.052
2 0.198 0.44 0.027 0.034
2 0.084 0.451 0.043 0.041
2 0.528 0.483 0.13 0.215
6 0.442 0.43 0.007 0.019
6 0.435 0.432 0.01 0.02
6 0.055 0.462 0.022 0.027
7 0.616 0.431 0.012 0.025
7 0.169 0.454 0.027 0.032
7 0.137 0.452 0.017 0.032
7 0.011 0.458 0.017 0.036
