0 0.199 0.446 0.009 0.009
2 0.561 0.47 0.02 0.04
2 0.571 0.476 0.019 0.049
2 0.594 0.475 0.041 0.069
2 0.632 0.489 0.06 0.09
2 0.887 0.583 0.221 0.404
2 0.511 0.452 0.004 0.005
2 0.46 0.472 0.006 0.019
2 0.449 0.467 0.018 0.033
2 0.442 0.47 0.025 0.034
2 0.413 0.478 0.035 0.051
2 0.38 0.485 0.038 0.065
2 0.367 0.491 0.039 0.066
2 0.322 0.497 0.068 0.096
2 0.211 0.518 0.106 0.151
2 0.019 0.515 0.032 0.362
3 0.497 0.448 0.01 0.023
6 0.124 0.544 0.084 0.153
6 0.089 0.549 0.071 0.157
6 0.049 0.567 0.057 0.155
7 0.741 0.468 0.018 0.042
7 0.753 0.541 0.049 0.111
7 0.706 0.525 0.067 0.137
7 0.443 0.478 0.008 0.026
7 0.272 0.514 0.024 0.069
7 0.148 0.537 0.058 0.135
