0 0.283 0.446 0.014 0.091
0 0.295 0.451 0.019 0.107
0 0.181 0.432 0.021 0.08
2 0.496 0.433 0.01 0.027
2 0.509 0.431 0.02 0.035
2 0.413 0.448 0.018 0.052
2 0.404 0.451 0.018 0.056
2 0.392 0.452 0.02 0.066
2 0.377 0.455 0.039 0.069
2 0.371 0.461 0.024 0.072
2 0.338 0.465 0.062 0.087
2 0.444 0.451 0.04 0.066
2 0.217 0.487 0.057 0.112
2 0.104 0.467 0.171 0.139
2 0.021 0.467 0.037 0.124
2 0.022 0.573 0.039 0.299
2 0.604 0.438 0.048 0.101
2 0.606 0.457 0.029 0.101
2 0.616 0.468 0.029 0.127
7 0.561 0.448 0.02 0.04
