0 0.479 0.426 0.006 0.028
0 0.488 0.425 0.004 0.018
0 0.314 0.4 0.01 0.018
0 0.531 0.425 0.006 0.032
1 0.542 0.425 0.007 0.024
2 0.514 0.41 0.007 0.009
2 0.512 0.419 0.013 0.017
2 0.458 0.425 0.021 0.038
2 0.439 0.43 0.013 0.028
2 0.431 0.43 0.01 0.029
2 0.425 0.43 0.009 0.036
2 0.417 0.43 0.015 0.042
2 0.41 0.431 0.015 0.046
2 0.394 0.436 0.031 0.061
2 0.392 0.44 0.026 0.062
2 0.376 0.44 0.025 0.07
2 0.357 0.446 0.036 0.077
2 0.319 0.451 0.062 0.087
2 0.268 0.468 0.062 0.112
2 0.185 0.476 0.139 0.159
2 0.538 0.424 0.011 0.029
2 0.546 0.422 0.018 0.025
2 0.546 0.427 0.007 0.029
2 0.552 0.429 0.013 0.033
2 0.557 0.433 0.015 0.033
2 0.566 0.436 0.012 0.037
2 0.57 0.438 0.01 0.042
2 0.577 0.434 0.014 0.051
2 0.587 0.438 0.03 0.061
2 0.604 0.443 0.027 0.068
2 0.615 0.447 0.028 0.074
2 0.647 0.461 0.078 0.104
2 0.877 0.534 0.24 0.267
7 0.541 0.434 0.003 0.017
