0 0.362 0.401 0.01 0.012
1 0.928 0.436 0.041 0.062
1 0.263 0.426 0.02 0.078
1 0.282 0.421 0.02 0.077
1 0.305 0.412 0.016 0.053
2 0.704 0.419 0.012 0.03
2 0.716 0.427 0.025 0.046
2 0.821 0.442 0.025 0.055
2 0.787 0.441 0.051 0.07
2 0.474 0.427 0.012 0.035
2 0.423 0.392 0.042 0.028
2 0.454 0.43 0.04 0.058
2 0.383 0.434 0.02 0.061
2 0.328 0.435 0.03 0.059
2 0.354 0.44 0.057 0.067
2 0.411 0.433 0.056 0.079
2 0.286 0.433 0.032 0.063
2 0.245 0.441 0.024 0.077
2 0.931 0.477 0.112 0.115
2 0.739 0.433 0.036 0.061
5 0.715 0.381 0.01 0.019
7 0.285 0.452 0.021 0.045
7 0.306 0.448 0.018 0.054
