0 0.442 0.44 0.013 0.049
2 0.513 0.427 0.005 0.016
2 0.521 0.425 0.01 0.019
2 0.526 0.43 0.017 0.025
2 0.546 0.43 0.018 0.029
2 0.561 0.437 0.017 0.053
2 0.566 0.438 0.014 0.051
2 0.576 0.442 0.023 0.071
2 0.603 0.443 0.05 0.102
2 0.607 0.459 0.031 0.119
2 0.64 0.458 0.064 0.153
2 0.65 0.478 0.044 0.19
2 0.712 0.487 0.127 0.278
2 0.849 0.534 0.271 0.42
2 0.941 0.612 0.114 0.562
2 0.381 0.448 0.013 0.042
2 0.368 0.449 0.023 0.048
2 0.357 0.451 0.028 0.047
2 0.329 0.452 0.038 0.063
2 0.307 0.459 0.039 0.058
2 0.278 0.467 0.047 0.062
2 0.229 0.469 0.056 0.091
2 0.197 0.476 0.046 0.093
2 0.124 0.473 0.111 0.146
2 0.05 0.509 0.094 0.139
