0 0.595 0.357 0.009 0.021
0 0.631 0.45 0.029 0.142
0 0.766 0.442 0.046 0.255
2 0.554 0.364 0.023 0.026
2 0.534 0.367 0.021 0.031
2 0.469 0.38 0.017 0.024
2 0.511 0.398 0.016 0.055
2 0.57 0.367 0.011 0.029
2 0.574 0.371 0.013 0.034
2 0.584 0.376 0.02 0.037
2 0.59 0.383 0.021 0.038
2 0.602 0.381 0.022 0.019
2 0.61 0.383 0.021 0.012
2 0.62 0.384 0.014 0.012
2 0.65 0.417 0.026 0.053
2 0.507 0.448 0.036 0.107
2 0.493 0.457 0.041 0.132
2 0.615 0.438 0.078 0.102
2 0.698 0.459 0.03 0.109
2 0.777 0.447 0.137 0.184
2 0.789 0.476 0.087 0.159
2 0.908 0.49 0.18 0.302
2 0.457 0.462 0.071 0.169
2 0.386 0.478 0.128 0.238
2 0.324 0.496 0.129 0.28
2 0.181 0.62 0.356 0.612
2 0.976 0.532 0.044 0.289
