0 0.565 0.433 0.005 0.05
0 0.595 0.451 0.039 0.166
0 0.553 0.441 0.021 0.178
0 0.539 0.447 0.045 0.18
0 0.363 0.426 0.018 0.074
2 0.477 0.441 0.012 0.03
2 0.485 0.439 0.011 0.035
2 0.491 0.44 0.016 0.038
2 0.504 0.441 0.024 0.04
2 0.518 0.443 0.013 0.044
2 0.534 0.456 0.021 0.019
2 0.463 0.445 0.018 0.054
2 0.457 0.448 0.013 0.056
2 0.451 0.45 0.016 0.067
2 0.43 0.448 0.043 0.079
2 0.434 0.457 0.031 0.089
2 0.407 0.465 0.071 0.101
2 0.318 0.499 0.125 0.218
2 0.157 0.537 0.309 0.545
2 0.041 0.81 0.076 0.37
