0 0.783 0.421 0.016 0.087
0 0.797 0.418 0.012 0.088
0 0.817 0.423 0.015 0.074
0 0.805 0.43 0.019 0.085
0 0.829 0.418 0.011 0.083
0 0.885 0.421 0.026 0.096
0 0.927 0.414 0.024 0.093
2 0.515 0.424 0.013 0.02
2 0.493 0.425 0.008 0.018
2 0.488 0.426 0.009 0.024
2 0.481 0.426 0.01 0.03
2 0.473 0.428 0.016 0.035
2 0.47 0.431 0.012 0.038
2 0.575 0.436 0.031 0.044
2 0.426 0.43 0.079 0.081
2 0.429 0.445 0.021 0.059
2 0.418 0.445 0.016 0.073
2 0.387 0.447 0.071 0.081
2 0.355 0.488 0.016 0.051
2 0.257 0.455 0.2 0.179
2 0.681 0.465 0.1 0.134
