0 0.206 0.411 0.012 0.031
0 0.45 0.446 0.01 0.058
0 0.496 0.421 0.005 0.011
0 0.425 0.452 0.015 0.075
0 0.943 0.451 0.012 0.085
2 0.414 0.437 0.011 0.021
2 0.378 0.444 0.01 0.038
2 0.371 0.441 0.015 0.047
2 0.358 0.442 0.022 0.052
2 0.352 0.458 0.01 0.045
2 0.341 0.449 0.016 0.071
2 0.319 0.451 0.045 0.081
2 0.252 0.453 0.081 0.099
2 0.204 0.466 0.068 0.079
2 0.147 0.472 0.071 0.074
2 0.084 0.474 0.076 0.08
2 0.027 0.477 0.048 0.085
2 0.435 0.437 0.01 0.018
2 0.457 0.429 0.008 0.011
2 0.466 0.437 0.019 0.034
2 0.475 0.439 0.02 0.036
2 0.481 0.442 0.022 0.045
2 0.488 0.437 0.013 0.029
2 0.538 0.439 0.038 0.051
2 0.509 0.454 0.047 0.063
2 0.57 0.439 0.041 0.045
2 0.554 0.452 0.041 0.056
2 0.654 0.451 0.044 0.06
2 0.709 0.449 0.056 0.062
2 0.753 0.449 0.037 0.062
2 0.794 0.442 0.056 0.066
2 0.828 0.443 0.029 0.06
2 0.857 0.443 0.038 0.062
2 0.874 0.436 0.039 0.064
2 0.91 0.438 0.036 0.054
2 0.924 0.431 0.041 0.063
2 0.98 0.433 0.022 0.053
2 0.991 0.434 0.013 0.046
2 0.603 0.451 0.036 0.063
