0 0.287 0.428 0.005 0.041
0 0.064 0.463 0.006 0.028
0 0.292 0.425 0.011 0.047
0 0.165 0.444 0.01 0.039
0 0.178 0.449 0.024 0.104
0 0.186 0.446 0.018 0.1
0 0.23 0.436 0.019 0.107
0 0.238 0.445 0.024 0.091
0 0.378 0.42 0.018 0.092
0 0.385 0.423 0.016 0.087
0 0.83 0.398 0.053 0.292
0 0.913 0.394 0.06 0.283
0 0.95 0.433 0.03 0.183
0 0.869 0.445 0.043 0.188
0 0.989 0.41 0.017 0.303
1 0.304 0.427 0.003 0.006
2 0.022 0.469 0.038 0.053
2 0.234 0.442 0.031 0.055
2 0.23 0.442 0.083 0.069
2 0.503 0.408 0.049 0.045
2 0.456 0.44 0.067 0.092
2 0.581 0.396 0.045 0.047
2 0.558 0.429 0.054 0.092
2 0.686 0.389 0.067 0.063
7 0.768 0.398 0.014 0.045
