0 0.356 0.398 0.006 0.012
0 0.35 0.399 0.006 0.016
0 0.365 0.4 0.005 0.014
0 0.33 0.398 0.007 0.025
0 0.339 0.389 0.013 0.03
0 0.296 0.409 0.005 0.073
0 0.304 0.406 0.012 0.072
0 0.312 0.429 0.013 0.091
0 0.322 0.43 0.015 0.088
0 0.338 0.428 0.019 0.092
0 0.491 0.438 0.02 0.095
0 0.545 0.433 0.015 0.06
0 0.554 0.438 0.013 0.095
0 0.627 0.402 0.007 0.023
0 0.623 0.437 0.023 0.097
0 0.643 0.436 0.017 0.105
0 0.655 0.41 0.011 0.062
0 0.288 0.424 0.021 0.104
0 0.598 0.423 0.011 0.074
2 0.436 0.401 0.062 0.059
2 0.449 0.42 0.021 0.049
2 0.439 0.423 0.016 0.055
2 0.415 0.423 0.042 0.064
2 0.514 0.41 0.006 0.016
2 0.489 0.423 0.048 0.091
2 0.525 0.411 0.016 0.031
2 0.553 0.382 0.034 0.046
2 0.563 0.42 0.055 0.087
7 0.392 0.432 0.021 0.059
7 0.597 0.428 0.015 0.022
7 0.941 0.529 0.113 0.361
