0 0.085 0.327 0.054 0.131
0 0.135 0.364 0.042 0.139
0 0.794 0.083 0.014 0.051
0 0.81 0.068 0.025 0.07
0 0.792 0.485 0.125 0.404
0 0.758 0.5 0.112 0.483
0 0.503 0.266 0.004 0.012
0 0.521 0.269 0.005 0.015
0 0.532 0.269 0.006 0.015
0 0.55 0.275 0.003 0.005
0 0.472 0.372 0.06 0.213
0 0.498 0.484 0.071 0.383
0 0.445 0.411 0.067 0.323
0 0.382 0.448 0.036 0.295
0 0.266 0.482 0.084 0.402
0 0.562 0.473 0.125 0.611
0 0.339 0.478 0.086 0.56
0 0.175 0.29 0.007 0.022
4 0.503 0.354 0.026 0.051
7 0.365 0.578 0.207 0.312
7 0.563 0.605 0.279 0.41
