0 0.61 0.359 0.009 0.018
0 0.597 0.363 0.007 0.01
0 0.605 0.361 0.005 0.014
0 0.6 0.362 0.007 0.013
0 0.617 0.361 0.006 0.013
0 0.221 0.37 0.023 0.04
0 0.241 0.363 0.017 0.03
0 0.261 0.364 0.011 0.022
0 0.185 0.346 0.022 0.039
0 0.148 0.35 0.022 0.033
0 0.087 0.462 0.057 0.367
1 0.449 0.388 0.006 0.025
1 0.46 0.382 0.006 0.018
2 0.451 0.37 0.01 0.011
2 0.444 0.379 0.012 0.017
2 0.457 0.387 0.013 0.026
2 0.39 0.405 0.04 0.062
2 0.53 0.37 0.01 0.013
2 0.552 0.379 0.036 0.077
2 0.556 0.395 0.025 0.052
2 0.574 0.405 0.036 0.071
2 0.578 0.41 0.029 0.077
2 0.579 0.418 0.018 0.072
2 0.611 0.419 0.07 0.105
2 0.269 0.445 0.087 0.14
2 0.168 0.467 0.148 0.208
2 0.491 0.368 0.024 0.01
2 0.477 0.38 0.013 0.018
2 0.511 0.39 0.026 0.036
2 0.503 0.41 0.041 0.06
3 0.41 0.378 0.042 0.092
6 0.364 0.425 0.038 0.062
7 0.636 0.429 0.036 0.08
7 0.713 0.431 0.03 0.092
7 0.45 0.397 0.004 0.019
7 0.46 0.397 0.003 0.016
7 0.681 0.432 0.037 0.094
