0 0.197 0.421 0.014 0.056
0 0.212 0.417 0.016 0.063
0 0.242 0.421 0.013 0.071
0 0.266 0.412 0.009 0.043
0 0.571 0.418 0.008 0.071
0 0.598 0.407 0.014 0.09
0 0.686 0.418 0.044 0.149
0 0.764 0.442 0.049 0.221
0 0.139 0.418 0.015 0.092
0 0.125 0.423 0.022 0.101
0 0.677 0.419 0.041 0.146
1 0.465 0.416 0.03 0.146
1 0.51 0.429 0.03 0.124
1 0.555 0.428 0.025 0.126
2 0.419 0.384 0.033 0.031
2 0.437 0.407 0.033 0.05
2 0.353 0.415 0.037 0.059
2 0.219 0.42 0.037 0.039
2 0.563 0.409 0.049 0.054
2 0.477 0.422 0.049 0.072
2 0.519 0.434 0.057 0.085
4 0.35 0.395 0.102 0.078
7 0.288 0.423 0.016 0.031
7 0.237 0.433 0.029 0.056
7 0.465 0.459 0.013 0.085
7 0.509 0.47 0.017 0.081
7 0.555 0.465 0.014 0.083
