0 0.585 0.41 0.01 0.054
0 0.554 0.403 0.012 0.06
0 0.453 0.394 0.009 0.019
0 0.46 0.397 0.008 0.038
0 0.216 0.438 0.044 0.305
0 0.899 0.425 0.027 0.128
2 0.268 0.376 0.021 0.01
2 0.242 0.391 0.008 0.027
2 0.251 0.397 0.023 0.037
2 0.269 0.398 0.021 0.045
2 0.605 0.416 0.019 0.016
2 0.569 0.413 0.03 0.017
2 0.529 0.41 0.019 0.015
2 0.383 0.392 0.025 0.045
2 0.404 0.396 0.036 0.041
2 0.474 0.403 0.007 0.01
2 0.435 0.403 0.038 0.037
2 0.498 0.417 0.05 0.067
2 0.676 0.436 0.116 0.156
2 0.937 0.567 0.121 0.51
3 0.141 0.354 0.198 0.19
3 0.323 0.36 0.108 0.205
7 0.137 0.428 0.062 0.079
7 0.747 0.438 0.026 0.084
