0 0.502 0.398 0.004 0.021
0 0.505 0.399 0.003 0.018
0 0.438 0.397 0.003 0.011
2 0.466 0.399 0.009 0.017
2 0.548 0.398 0.015 0.021
2 0.538 0.395 0.009 0.014
2 0.672 0.396 0.015 0.024
2 0.611 0.377 0.008 0.024
2 0.609 0.4 0.009 0.029
2 0.633 0.397 0.044 0.082
2 0.529 0.399 0.002 0.012
2 0.534 0.401 0.013 0.019
2 0.519 0.398 0.01 0.016
2 0.49 0.402 0.007 0.02
2 0.479 0.405 0.025 0.028
2 0.424 0.405 0.022 0.027
2 0.448 0.407 0.027 0.033
2 0.687 0.401 0.016 0.057
2 0.725 0.397 0.061 0.12
2 0.751 0.427 0.079 0.115
2 0.586 0.404 0.026 0.029
2 0.213 0.337 0.42 0.657
3 0.649 0.381 0.022 0.054
3 0.584 0.381 0.024 0.024
