0 0.328 0.386 0.004 0.026
0 0.412 0.391 0.005 0.027
0 0.218 0.404 0.036 0.155
0 0.338 0.415 0.03 0.16
0 0.354 0.415 0.05 0.171
0 0.3 0.475 0.106 0.338
0 0.121 0.39 0.047 0.164
0 0.136 0.395 0.022 0.173
0 0.088 0.398 0.05 0.276
0 0.02 0.37 0.033 0.145
0 0.16 0.413 0.037 0.221
0 0.429 0.412 0.033 0.155
0 0.688 0.401 0.014 0.036
0 0.979 0.419 0.005 0.034
0 0.859 0.428 0.008 0.026
0 0.733 0.408 0.007 0.036
0 0.706 0.417 0.027 0.077
0 0.641 0.415 0.019 0.115
0 0.66 0.423 0.031 0.167
0 0.612 0.417 0.035 0.193
0 0.625 0.433 0.047 0.175
0 0.436 0.418 0.03 0.146
0 0.582 0.418 0.03 0.172
0 0.558 0.421 0.039 0.186
0 0.472 0.398 0.008 0.146
0 0.46 0.413 0.027 0.189
0 0.461 0.426 0.041 0.172
0 0.513 0.421 0.042 0.18
0 0.5 0.419 0.05 0.199
1 0.531 0.412 0.017 0.124
2 0.007 0.365 0.009 0.025
2 0.045 0.369 0.034 0.03
2 0.432 0.381 0.033 0.041
7 0.025 0.569 0.043 0.259
7 0.773 0.418 0.008 0.024
7 0.542 0.452 0.021 0.06
