0 0.78 0.44 0.013 0.056
0 0.767 0.439 0.015 0.058
1 0.632 0.427 0.01 0.053
1 0.741 0.411 0.018 0.053
1 0.986 0.449 0.019 0.065
2 0.164 0.378 0.022 0.022
2 0.13 0.378 0.057 0.098
2 0.273 0.429 0.115 0.194
2 0.225 0.481 0.158 0.226
2 0.546 0.424 0.012 0.058
2 0.522 0.426 0.056 0.083
2 0.585 0.42 0.021 0.038
2 0.574 0.429 0.023 0.033
2 0.701 0.434 0.075 0.099
2 0.1 0.572 0.195 0.689
3 0.547 0.409 0.035 0.062
6 0.979 0.451 0.038 0.061
7 0.632 0.446 0.005 0.021
7 0.742 0.448 0.012 0.047
7 0.935 0.46 0.028 0.039
