0 0.115 0.433 0.026 0.119
0 0.72 0.404 0.009 0.033
0 0.742 0.407 0.007 0.043
0 0.735 0.407 0.01 0.044
0 0.779 0.427 0.027 0.133
0 0.817 0.436 0.026 0.148
0 0.858 0.416 0.013 0.144
0 0.848 0.419 0.027 0.165
0 0.848 0.424 0.019 0.159
0 0.868 0.422 0.023 0.181
0 0.912 0.434 0.025 0.18
0 0.082 0.441 0.011 0.062
2 0.346 0.432 0.019 0.033
2 0.589 0.417 0.003 0.018
2 0.58 0.415 0.016 0.025
2 0.563 0.423 0.019 0.043
2 0.533 0.427 0.051 0.082
2 0.6 0.412 0.008 0.018
2 0.61 0.414 0.027 0.039
4 0.648 0.393 0.05 0.119
7 0.779 0.449 0.022 0.089
7 0.917 0.461 0.085 0.118
