0 0.455 0.324 0.005 0.021
0 0.461 0.325 0.005 0.021
0 0.466 0.322 0.002 0.015
0 0.468 0.32 0.003 0.021
0 0.472 0.322 0.005 0.021
0 0.491 0.322 0.002 0.019
0 0.488 0.322 0.006 0.02
0 0.532 0.34 0.008 0.041
0 0.544 0.339 0.007 0.042
0 0.538 0.348 0.009 0.048
0 0.564 0.341 0.009 0.053
0 0.573 0.333 0.009 0.018
0 0.587 0.349 0.012 0.059
0 0.552 0.382 0.02 0.051
0 0.803 0.377 0.011 0.026
0 0.788 0.38 0.011 0.041
0 0.796 0.397 0.015 0.056
0 0.726 0.387 0.028 0.037
0 0.732 0.39 0.02 0.04
0 0.762 0.404 0.021 0.054
0 0.777 0.417 0.041 0.092
0 0.886 0.388 0.017 0.046
0 0.871 0.408 0.019 0.082
0 0.824 0.438 0.055 0.213
0 0.848 0.402 0.016 0.062
0 0.044 0.369 0.007 0.033
0 0.827 0.431 0.043 0.263
0 0.863 0.467 0.041 0.188
0 0.906 0.38 0.009 0.021
0 0.918 0.4 0.017 0.07
0 0.906 0.452 0.043 0.134
0 0.93 0.401 0.023 0.063
0 0.945 0.399 0.023 0.069
0 0.958 0.423 0.04 0.101
0 0.427 0.32 0.005 0.017
0 0.423 0.327 0.004 0.019
0 0.304 0.349 0.008 0.055
0 0.282 0.36 0.005 0.024
0 0.288 0.358 0.012 0.055
0 0.266 0.344 0.004 0.021
0 0.274 0.359 0.016 0.076
0 0.252 0.366 0.013 0.052
0 0.235 0.368 0.015 0.075
0 0.167 0.367 0.01 0.022
0 0.09 0.366 0.011 0.094
0 0.177 0.355 0.006 0.023
0 0.153 0.391 0.019 0.132
0 0.098 0.356 0.014 0.046
0 0.123 0.38 0.023 0.101
0 0.032 0.358 0.006 0.023
0 0.017 0.401 0.028 0.202
0 0.309 0.351 0.006 0.054
1 0.391 0.405 0.047 0.197
2 0.345 0.336 0.039 0.033
2 0.437 0.317 0.017 0.017
2 0.448 0.345 0.011 0.039
2 0.437 0.348 0.024 0.048
2 0.433 0.356 0.023 0.046
2 0.416 0.36 0.027 0.025
2 0.418 0.393 0.028 0.076
2 0.382 0.399 0.063 0.089
7 0.538 0.364 0.009 0.029
7 0.259 0.425 0.024 0.083
7 0.39 0.465 0.068 0.127
7 0.288 0.418 0.026 0.065
