0 0.731 0.375 0.011 0.026
1 0.541 0.394 0.008 0.016
2 0.742 0.419 0.105 0.093
2 0.598 0.405 0.014 0.042
2 0.606 0.411 0.011 0.032
2 0.562 0.4 0.013 0.026
2 0.572 0.403 0.012 0.021
2 0.536 0.394 0.009 0.015
2 0.55 0.402 0.014 0.023
2 0.961 0.42 0.049 0.104
2 0.991 0.44 0.013 0.049
2 0.518 0.396 0.006 0.014
2 0.525 0.401 0.013 0.024
2 0.502 0.396 0.013 0.016
2 0.476 0.398 0.017 0.016
2 0.267 0.419 0.055 0.07
2 0.247 0.426 0.052 0.067
2 0.215 0.431 0.062 0.072
2 0.391 0.4 0.019 0.019
2 0.394 0.415 0.011 0.026
2 0.371 0.402 0.051 0.049
2 0.202 0.434 0.056 0.075
2 0.143 0.432 0.08 0.096
2 0.137 0.44 0.06 0.093
2 0.086 0.442 0.089 0.107
2 0.059 0.45 0.112 0.11
2 0.349 0.412 0.037 0.045
2 0.008 0.402 0.01 0.16
2 0.307 0.435 0.071 0.089
6 0.542 0.404 0.005 0.014
7 0.655 0.413 0.009 0.045
7 0.678 0.409 0.013 0.032
7 0.689 0.413 0.009 0.045
7 0.993 0.47 0.009 0.058
