0 0.784 0.377 0.011 0.056
0 0.5 0.391 0.014 0.061
0 0.476 0.366 0.014 0.037
0 0.467 0.477 0.076 0.313
0 0.221 0.428 0.062 0.307
0 0.845 0.395 0.025 0.134
0 0.873 0.4 0.023 0.12
0 0.961 0.36 0.009 0.024
0 0.95 0.35 0.007 0.012
0 0.944 0.382 0.01 0.069
0 0.907 0.402 0.025 0.115
0 0.935 0.399 0.026 0.128
0 0.143 0.41 0.027 0.122
0 0.182 0.416 0.017 0.103
0 0.186 0.415 0.028 0.106
1 0.771 0.39 0.02 0.091
2 0.861 0.375 0.009 0.044
2 0.888 0.384 0.017 0.037
2 0.028 0.422 0.05 0.088
7 0.772 0.422 0.007 0.051
