0 0.828 0.394 0.058 0.271
2 0.721 0.194 0.022 0.034
2 0.683 0.199 0.014 0.032
2 0.665 0.208 0.024 0.061
2 0.544 0.198 0.029 0.043
2 0.523 0.209 0.029 0.037
2 0.424 0.203 0.044 0.037
2 0.44 0.204 0.048 0.033
2 0.289 0.195 0.041 0.023
2 0.31 0.203 0.042 0.017
2 0.244 0.201 0.035 0.01
2 0.021 0.302 0.036 0.129
2 0.567 0.221 0.045 0.062
2 0.518 0.238 0.045 0.019
2 0.48 0.203 0.039 0.052
2 0.48 0.294 0.072 0.137
2 0.625 0.243 0.075 0.172
2 0.739 0.168 0.021 0.036
2 0.313 0.421 0.199 0.261
2 0.621 0.306 0.024 0.094
2 0.547 0.406 0.186 0.329
3 0.521 0.173 0.061 0.083
