0 0.255 0.448 0.012 0.043
1 0.683 0.473 0.085 0.318
2 0.34 0.388 0.018 0.028
2 0.415 0.38 0.011 0.03
2 0.383 0.41 0.014 0.029
2 0.372 0.414 0.018 0.034
2 0.356 0.42 0.025 0.039
2 0.347 0.429 0.021 0.041
2 0.331 0.438 0.028 0.049
2 0.25 0.446 0.033 0.043
2 0.226 0.448 0.026 0.035
2 0.382 0.46 0.043 0.057
2 0.94 0.428 0.023 0.043
2 0.863 0.431 0.026 0.038
2 0.8 0.431 0.022 0.041
2 0.832 0.435 0.053 0.061
2 0.719 0.428 0.015 0.03
2 0.711 0.444 0.025 0.059
2 0.763 0.446 0.082 0.094
2 0.638 0.433 0.139 0.175
2 0.157 0.512 0.308 0.224
3 0.924 0.407 0.031 0.064
3 0.498 0.419 0.161 0.17
7 0.682 0.557 0.107 0.208
