0 0.71 0.427 0.031 0.159
0 0.76 0.427 0.018 0.14
0 0.365 0.412 0.007 0.013
0 0.356 0.412 0.004 0.008
0 0.321 0.426 0.014 0.037
0 0.271 0.436 0.006 0.025
0 0.268 0.437 0.008 0.027
0 0.262 0.446 0.013 0.052
0 0.247 0.432 0.005 0.018
0 0.242 0.438 0.016 0.027
0 0.219 0.445 0.021 0.101
0 0.296 0.444 0.017 0.078
0 0.282 0.442 0.018 0.095
0 0.081 0.456 0.015 0.117
0 0.116 0.465 0.03 0.129
0 0.055 0.473 0.043 0.188
2 0.569 0.384 0.042 0.051
2 0.484 0.384 0.005 0.009
2 0.463 0.401 0.006 0.014
2 0.459 0.416 0.01 0.017
2 0.456 0.418 0.011 0.017
2 0.45 0.424 0.016 0.024
2 0.47 0.424 0.012 0.018
2 0.513 0.404 0.012 0.031
2 0.497 0.407 0.01 0.012
2 0.492 0.418 0.026 0.026
2 0.487 0.436 0.034 0.052
2 0.517 0.414 0.01 0.021
2 0.518 0.416 0.007 0.02
2 0.557 0.447 0.079 0.156
2 0.739 0.432 0.034 0.088
2 0.958 0.536 0.08 0.629
2 0.417 0.436 0.031 0.047
2 0.385 0.44 0.039 0.064
2 0.343 0.471 0.076 0.11
3 0.476 0.399 0.012 0.025
3 0.494 0.399 0.028 0.029
6 0.014 0.486 0.022 0.121
7 0.63 0.448 0.027 0.06
7 0.895 0.463 0.06 0.135
