0 0.522 0.323 0.002 0.016
0 0.517 0.314 0.002 0.015
0 0.471 0.343 0.007 0.027
0 0.574 0.346 0.005 0.027
0 0.568 0.343 0.004 0.022
2 0.528 0.302 0.005 0.01
2 0.519 0.301 0.008 0.014
2 0.395 0.435 0.066 0.103
2 0.386 0.447 0.057 0.106
2 0.301 0.471 0.146 0.205
2 0.463 0.392 0.029 0.053
2 0.459 0.396 0.026 0.055
2 0.449 0.401 0.039 0.062
2 0.014 0.649 0.022 0.4
2 0.576 0.403 0.021 0.06
2 0.589 0.405 0.038 0.064
2 0.606 0.433 0.026 0.087
2 0.645 0.441 0.09 0.14
2 0.863 0.544 0.27 0.398
4 0.51 0.292 0.032 0.02
