0 0.334 0.394 0.013 0.027
0 0.323 0.411 0.018 0.052
0 0.371 0.354 0.009 0.031
0 0.378 0.362 0.008 0.037
0 0.384 0.358 0.006 0.033
0 0.402 0.346 0.007 0.025
0 0.415 0.356 0.009 0.041
0 0.409 0.355 0.01 0.041
0 0.398 0.362 0.013 0.04
0 0.433 0.348 0.009 0.055
0 0.441 0.35 0.009 0.048
0 0.447 0.347 0.009 0.052
0 0.458 0.333 0.004 0.017
0 0.463 0.338 0.009 0.033
0 0.474 0.35 0.011 0.054
0 0.5 0.355 0.014 0.049
0 0.531 0.358 0.011 0.05
0 0.54 0.35 0.013 0.041
0 0.573 0.336 0.005 0.022
0 0.567 0.359 0.009 0.056
0 0.592 0.346 0.012 0.044
0 0.572 0.366 0.012 0.04
0 0.583 0.365 0.013 0.038
0 0.597 0.366 0.017 0.043
0 0.616 0.369 0.01 0.045
0 0.625 0.359 0.014 0.045
0 0.622 0.413 0.016 0.095
0 0.635 0.411 0.02 0.094
0 0.54 0.432 0.021 0.085
0 0.663 0.408 0.014 0.104
0 0.686 0.392 0.011 0.068
0 0.676 0.413 0.021 0.106
0 0.673 0.439 0.017 0.081
0 0.653 0.42 0.024 0.118
0 0.703 0.368 0.015 0.032
0 0.697 0.428 0.023 0.139
0 0.713 0.424 0.022 0.157
0 0.75 0.364 0.01 0.026
0 0.759 0.377 0.014 0.062
0 0.781 0.488 0.048 0.287
0 0.743 0.504 0.042 0.275
0 0.781 0.507 0.048 0.308
0 0.874 0.468 0.021 0.185
0 0.896 0.472 0.048 0.229
0 0.845 0.471 0.043 0.231
2 0.655 0.364 0.045 0.043
2 0.542 0.405 0.049 0.074
2 0.582 0.438 0.071 0.108
2 0.692 0.372 0.012 0.037
2 0.947 0.567 0.101 0.621
2 0.496 0.407 0.042 0.045
2 0.497 0.446 0.041 0.112
2 0.461 0.459 0.073 0.148
2 0.383 0.484 0.125 0.208
2 0.048 0.418 0.031 0.019
2 0.091 0.421 0.094 0.039
2 0.151 0.45 0.163 0.1
2 0.076 0.504 0.118 0.159
2 0.031 0.541 0.056 0.276
2 0.229 0.587 0.331 0.326
