0 0.51 0.429 0.005 0.028
0 0.514 0.433 0.008 0.024
0 0.363 0.416 0.012 0.016
2 0.506 0.437 0.005 0.026
2 0.495 0.432 0.017 0.042
2 0.496 0.442 0.006 0.025
2 0.491 0.442 0.012 0.027
2 0.487 0.446 0.013 0.032
2 0.48 0.448 0.009 0.039
2 0.475 0.45 0.013 0.049
2 0.469 0.454 0.009 0.054
2 0.444 0.448 0.048 0.089
2 0.391 0.473 0.056 0.111
2 0.356 0.49 0.074 0.136
2 0.291 0.502 0.111 0.225
2 0.146 0.533 0.275 0.38
2 0.029 0.709 0.053 0.279
2 0.562 0.423 0.025 0.023
2 0.565 0.424 0.02 0.016
2 0.563 0.443 0.019 0.042
2 0.569 0.448 0.014 0.055
2 0.575 0.449 0.014 0.058
2 0.597 0.442 0.044 0.084
2 0.595 0.454 0.021 0.077
2 0.617 0.458 0.044 0.097
2 0.649 0.467 0.073 0.108
2 0.921 0.398 0.078 0.027
2 0.881 0.58 0.233 0.373
2 0.979 0.729 0.038 0.409
