0 0.367 0.424 0.005 0.006
0 0.79 0.374 0.018 0.021
1 0.32 0.459 0.032 0.141
2 0.459 0.436 0.009 0.004
2 0.446 0.432 0.02 0.011
2 0.441 0.438 0.016 0.008
2 0.443 0.445 0.01 0.014
2 0.436 0.458 0.014 0.038
2 0.453 0.46 0.029 0.045
2 0.428 0.458 0.01 0.046
2 0.424 0.458 0.01 0.049
2 0.408 0.453 0.028 0.062
2 0.403 0.458 0.032 0.062
2 0.398 0.463 0.02 0.064
2 0.386 0.465 0.021 0.069
2 0.367 0.467 0.036 0.081
2 0.325 0.465 0.063 0.093
2 0.092 0.511 0.146 0.233
2 0.027 0.529 0.048 0.265
2 0.568 0.434 0.029 0.012
2 0.57 0.457 0.023 0.044
2 0.582 0.472 0.025 0.082
2 0.593 0.475 0.03 0.094
2 0.627 0.483 0.073 0.115
2 0.716 0.473 0.15 0.306
2 0.839 0.545 0.268 0.328
2 0.949 0.67 0.098 0.371
2 0.512 0.477 0.098 0.183
7 0.315 0.471 0.06 0.079
7 0.319 0.497 0.027 0.106
