1 0.496 0.42 0.007 0.021
2 0.451 0.433 0.007 0.04
2 0.447 0.434 0.009 0.043
2 0.446 0.436 0.009 0.047
2 0.429 0.432 0.028 0.058
2 0.428 0.439 0.016 0.054
2 0.422 0.44 0.013 0.057
2 0.395 0.432 0.043 0.088
2 0.383 0.441 0.041 0.078
2 0.369 0.447 0.046 0.08
2 0.342 0.457 0.033 0.102
2 0.306 0.458 0.064 0.126
2 0.257 0.468 0.073 0.155
2 0.195 0.48 0.096 0.195
2 0.083 0.479 0.159 0.321
2 0.558 0.43 0.018 0.044
2 0.562 0.432 0.015 0.048
2 0.569 0.42 0.017 0.024
2 0.571 0.439 0.013 0.05
2 0.579 0.439 0.023 0.058
2 0.583 0.442 0.014 0.056
2 0.593 0.441 0.027 0.062
2 0.607 0.449 0.028 0.08
2 0.613 0.456 0.026 0.093
2 0.648 0.456 0.071 0.126
2 0.676 0.47 0.082 0.125
2 0.736 0.483 0.079 0.197
2 0.862 0.519 0.272 0.41
2 0.955 0.626 0.086 0.368
7 0.498 0.435 0.007 0.028
