0 0.36 0.42 0.008 0.02
0 0.366 0.417 0.004 0.004
0 0.591 0.426 0.006 0.057
0 0.575 0.417 0.008 0.029
0 0.723 0.449 0.02 0.15
0 0.737 0.465 0.028 0.137
2 0.412 0.435 0.01 0.027
2 0.408 0.436 0.009 0.029
2 0.405 0.436 0.007 0.03
2 0.4 0.436 0.01 0.033
2 0.394 0.437 0.011 0.036
2 0.386 0.438 0.017 0.039
2 0.368 0.439 0.028 0.04
2 0.203 0.461 0.021 0.069
2 0.193 0.46 0.021 0.082
2 0.534 0.415 0.017 0.026
2 0.535 0.426 0.013 0.025
2 0.543 0.429 0.011 0.036
2 0.552 0.43 0.017 0.041
2 0.674 0.442 0.061 0.081
2 0.688 0.445 0.02 0.063
2 0.702 0.45 0.028 0.095
2 0.564 0.434 0.029 0.045
2 0.85 0.454 0.126 0.118
2 0.944 0.47 0.107 0.158
2 0.488 0.471 0.091 0.146
