2 0.517 0.347 0.022 0.03
2 0.188 0.379 0.021 0.019
2 0.328 0.369 0.031 0.025
2 0.353 0.369 0.024 0.018
2 0.499 0.383 0.016 0.024
2 0.492 0.388 0.013 0.019
2 0.49 0.396 0.017 0.026
2 0.457 0.342 0.011 0.015
2 0.471 0.363 0.022 0.02
2 0.442 0.369 0.019 0.023
2 0.464 0.392 0.009 0.009
2 0.468 0.413 0.016 0.034
2 0.434 0.441 0.082 0.126
2 0.545 0.517 0.15 0.267
2 0.118 0.375 0.025 0.019
2 0.065 0.383 0.045 0.032
2 0.095 0.405 0.046 0.046
2 0.069 0.408 0.054 0.042
2 0.037 0.399 0.068 0.053
2 0.396 0.39 0.014 0.022
2 0.386 0.398 0.018 0.032
2 0.382 0.403 0.014 0.028
2 0.355 0.424 0.052 0.097
2 0.304 0.432 0.074 0.115
2 0.215 0.468 0.134 0.179
7 0.489 0.405 0.01 0.031
