0 0.199 0.398 0.007 0.031
0 0.24 0.389 0.018 0.054
0 0.257 0.421 0.043 0.12
0 0.222 0.435 0.033 0.138
0 0.154 0.427 0.015 0.034
0 0.163 0.422 0.017 0.033
0 0.187 0.44 0.048 0.136
0 0.323 0.463 0.027 0.209
0 0.377 0.439 0.016 0.075
0 0.062 0.42 0.009 0.021
0 0.068 0.422 0.009 0.013
0 0.104 0.408 0.038 0.084
0 0.044 0.418 0.034 0.071
0 0.398 0.458 0.021 0.036
0 0.552 0.423 0.008 0.038
0 0.54 0.435 0.021 0.078
0 0.558 0.431 0.012 0.059
0 0.589 0.458 0.021 0.139
0 0.622 0.468 0.031 0.197
0 0.664 0.469 0.027 0.206
0 0.7 0.476 0.045 0.19
0 0.684 0.485 0.032 0.189
0 0.747 0.465 0.025 0.154
0 0.36 0.466 0.032 0.215
0 0.988 0.469 0.019 0.226
0 0.485 0.486 0.046 0.287
0 0.573 0.481 0.035 0.191
0 0.033 0.415 0.012 0.021
0 0.305 0.459 0.028 0.173
0 0.348 0.467 0.043 0.218
6 0.148 0.522 0.087 0.171
7 0.283 0.567 0.116 0.245
