0 0.824 0.352 0.02 0.035
0 0.787 0.364 0.012 0.016
0 0.773 0.362 0.015 0.026
0 0.804 0.354 0.022 0.038
0 0.428 0.385 0.004 0.017
0 0.426 0.39 0.006 0.042
0 0.596 0.391 0.01 0.044
0 0.583 0.377 0.005 0.022
0 0.643 0.393 0.004 0.024
0 0.606 0.389 0.006 0.048
0 0.653 0.403 0.01 0.072
2 0.071 0.562 0.136 0.43
2 0.318 0.458 0.043 0.138
2 0.243 0.459 0.146 0.222
2 0.465 0.382 0.022 0.023
2 0.497 0.398 0.044 0.08
2 0.491 0.418 0.031 0.06
2 0.447 0.428 0.052 0.078
2 0.574 0.419 0.038 0.061
2 0.694 0.435 0.073 0.126
2 0.747 0.46 0.095 0.178
2 0.833 0.494 0.183 0.257
2 0.939 0.497 0.116 0.383
7 0.17 0.195 0.021 0.012
7 0.333 0.449 0.023 0.098
