0 0.581 0.432 0.007 0.021
0 0.605 0.425 0.006 0.013
1 0.661 0.451 0.012 0.052
1 0.65 0.459 0.019 0.079
2 0.667 0.417 0.007 0.01
2 0.676 0.417 0.012 0.009
2 0.685 0.418 0.014 0.016
2 0.674 0.425 0.008 0.011
2 0.67 0.435 0.008 0.027
2 0.682 0.436 0.021 0.031
2 0.66 0.435 0.015 0.037
2 0.634 0.448 0.017 0.039
2 0.626 0.454 0.023 0.047
2 0.549 0.467 0.037 0.052
2 0.597 0.435 0.025 0.015
2 0.597 0.497 0.076 0.11
2 0.434 0.481 0.058 0.079
2 0.418 0.488 0.042 0.086
2 0.379 0.49 0.071 0.091
2 0.369 0.498 0.051 0.094
2 0.335 0.499 0.062 0.106
2 0.283 0.5 0.073 0.105
2 0.227 0.506 0.167 0.101
2 0.081 0.539 0.129 0.201
2 0.743 0.464 0.118 0.138
2 0.763 0.479 0.114 0.143
2 0.816 0.5 0.142 0.247
2 0.908 0.518 0.18 0.337
2 0.957 0.553 0.082 0.381
7 0.659 0.47 0.005 0.038
7 0.65 0.483 0.006 0.047
