0 0.547 0.424 0.013 0.062
0 0.504 0.431 0.011 0.064
0 0.493 0.43 0.012 0.063
1 0.231 0.416 0.022 0.064
1 0.569 0.523 0.011 0.02
1 0.577 0.456 0.051 0.146
2 0.837 0.443 0.018 0.034
2 0.824 0.442 0.019 0.037
2 0.777 0.428 0.025 0.02
2 0.753 0.431 0.017 0.015
2 0.793 0.443 0.029 0.035
2 0.726 0.436 0.039 0.051
2 0.761 0.444 0.04 0.038
2 0.697 0.429 0.018 0.016
2 0.648 0.439 0.024 0.042
2 0.71 0.442 0.032 0.043
2 0.668 0.44 0.057 0.05
2 0.617 0.441 0.041 0.048
2 0.072 0.705 0.138 0.441
4 0.761 0.414 0.093 0.04
5 0.061 0.361 0.117 0.017
5 0.553 0.401 0.339 0.062
7 0.432 0.45 0.03 0.032
7 0.575 0.503 0.096 0.115
