0 0.4 0.489 0.004 0.016
0 0.396 0.487 0.004 0.018
0 0.307 0.471 0.006 0.02
0 0.243 0.492 0.008 0.032
0 0.111 0.471 0.013 0.077
0 0.076 0.474 0.017 0.084
0 0.091 0.47 0.02 0.118
0 0.565 0.454 0.006 0.033
0 0.642 0.424 0.009 0.016
0 0.685 0.458 0.027 0.12
0 0.924 0.438 0.031 0.158
0 0.573 0.443 0.006 0.021
0 0.822 0.441 0.021 0.142
1 0.221 0.462 0.011 0.054
1 0.208 0.463 0.011 0.063
1 0.186 0.467 0.015 0.057
1 0.172 0.461 0.009 0.041
1 0.561 0.46 0.014 0.053
1 0.525 0.463 0.013 0.055
2 0.34 0.482 0.029 0.041
2 0.295 0.485 0.033 0.04
2 0.454 0.485 0.005 0.016
2 0.618 0.464 0.103 0.091
2 0.454 0.485 0.007 0.014
7 0.232 0.484 0.013 0.051
7 0.221 0.488 0.009 0.035
7 0.209 0.486 0.009 0.053
7 0.184 0.49 0.008 0.04
7 0.172 0.492 0.008 0.039
7 0.164 0.49 0.01 0.05
7 0.054 0.498 0.017 0.076
7 0.524 0.474 0.03 0.038
7 0.558 0.475 0.021 0.033
7 0.698 0.49 0.011 0.054
