2 0.557 0.439 0.01 0.026
2 0.567 0.435 0.012 0.041
2 0.586 0.431 0.04 0.052
2 0.583 0.443 0.027 0.039
2 0.593 0.465 0.03 0.052
2 0.63 0.435 0.072 0.076
2 0.66 0.442 0.106 0.104
2 0.67 0.468 0.096 0.157
2 0.74 0.46 0.083 0.179
2 0.852 0.527 0.248 0.376
2 0.93 0.597 0.135 0.51
2 0.43 0.409 0.043 0.021
2 0.5 0.424 0.017 0.029
2 0.5 0.433 0.016 0.025
2 0.409 0.425 0.038 0.025
2 0.41 0.433 0.025 0.027
2 0.39 0.444 0.061 0.058
2 0.384 0.444 0.059 0.055
2 0.479 0.438 0.016 0.031
2 0.447 0.454 0.059 0.084
7 0.252 0.447 0.011 0.051
