0 0.226 0.45 0.022 0.122
0 0.559 0.448 0.01 0.066
0 0.604 0.438 0.013 0.101
2 0.466 0.418 0.012 0.015
2 0.455 0.416 0.013 0.009
2 0.435 0.417 0.01 0.008
2 0.421 0.418 0.016 0.016
2 0.4 0.421 0.012 0.015
2 0.388 0.423 0.015 0.025
2 0.377 0.425 0.011 0.021
2 0.364 0.426 0.021 0.027
2 0.347 0.428 0.012 0.021
2 0.337 0.429 0.016 0.024
2 0.318 0.426 0.022 0.032
2 0.293 0.431 0.021 0.027
2 0.253 0.43 0.027 0.031
2 0.271 0.431 0.028 0.028
2 0.404 0.444 0.023 0.05
2 0.417 0.451 0.021 0.06
2 0.444 0.465 0.064 0.092
2 0.062 0.435 0.031 0.04
7 0.586 0.461 0.008 0.052
