0 0.046 0.435 0.037 0.135
0 0.157 0.391 0.016 0.052
0 0.329 0.425 0.011 0.073
0 0.306 0.413 0.005 0.039
0 0.313 0.435 0.016 0.099
0 0.339 0.443 0.021 0.13
0 0.374 0.419 0.011 0.065
0 0.385 0.42 0.018 0.072
0 0.415 0.422 0.009 0.062
0 0.421 0.419 0.012 0.066
0 0.695 0.437 0.027 0.129
0 0.447 0.425 0.009 0.057
0 0.463 0.423 0.009 0.059
0 0.473 0.431 0.013 0.087
0 0.496 0.426 0.01 0.056
0 0.512 0.428 0.013 0.051
0 0.484 0.421 0.01 0.064
0 0.477 0.438 0.013 0.088
0 0.457 0.438 0.018 0.092
3 0.214 0.406 0.122 0.198
7 0.733 0.458 0.039 0.101
7 0.513 0.438 0.026 0.031
