0 0.609 0.41 0.007 0.013
0 0.621 0.412 0.011 0.015
0 0.301 0.445 0.012 0.085
0 0.936 0.401 0.018 0.022
0 0.036 0.375 0.023 0.034
0 0.013 0.378 0.019 0.027
1 0.432 0.433 0.007 0.031
1 0.437 0.435 0.008 0.043
2 0.443 0.433 0.007 0.022
2 0.431 0.438 0.011 0.035
2 0.517 0.438 0.014 0.033
2 0.471 0.441 0.024 0.039
2 0.522 0.44 0.012 0.029
2 0.419 0.442 0.02 0.042
2 0.409 0.446 0.015 0.047
2 0.528 0.441 0.008 0.034
2 0.534 0.44 0.013 0.044
2 0.541 0.442 0.016 0.046
2 0.551 0.443 0.017 0.052
2 0.56 0.445 0.018 0.056
2 0.4 0.446 0.011 0.06
2 0.564 0.448 0.02 0.057
2 0.583 0.449 0.035 0.068
2 0.381 0.447 0.031 0.062
2 0.609 0.458 0.058 0.083
2 0.85 0.462 0.055 0.101
2 0.98 0.468 0.035 0.106
2 0.764 0.505 0.17 0.232
2 0.353 0.453 0.042 0.083
2 0.223 0.462 0.086 0.166
2 0.155 0.487 0.133 0.195
2 0.062 0.517 0.119 0.253
7 0.85 0.501 0.034 0.135
7 0.687 0.451 0.015 0.061
7 0.961 0.49 0.067 0.106
7 0.438 0.452 0.003 0.021
7 0.389 0.464 0.028 0.067
7 0.318 0.486 0.031 0.109
7 0.67 0.43 0.015 0.015
7 0.668 0.458 0.025 0.073
7 0.661 0.458 0.023 0.072
7 0.656 0.461 0.031 0.065
