0 0.338 0.405 0.006 0.007
1 0.175 0.466 0.08 0.28
1 0.638 0.436 0.017 0.078
2 0.559 0.434 0.011 0.028
2 0.545 0.435 0.02 0.029
2 0.595 0.435 0.01 0.03
2 0.604 0.432 0.014 0.047
2 0.564 0.438 0.014 0.037
2 0.533 0.436 0.011 0.024
2 0.528 0.437 0.007 0.024
2 0.519 0.439 0.015 0.038
2 0.569 0.443 0.007 0.041
2 0.608 0.44 0.008 0.034
2 0.511 0.443 0.008 0.036
2 0.434 0.44 0.033 0.062
2 0.624 0.444 0.013 0.042
2 0.65 0.426 0.042 0.074
2 0.478 0.442 0.069 0.116
2 0.658 0.447 0.023 0.064
2 0.68 0.447 0.033 0.095
2 0.412 0.459 0.024 0.075
2 0.395 0.463 0.033 0.088
2 0.375 0.467 0.037 0.099
2 0.34 0.47 0.059 0.125
2 0.269 0.488 0.117 0.156
2 0.582 0.443 0.032 0.047
7 0.135 0.496 0.032 0.134
7 0.636 0.463 0.01 0.056
7 0.982 0.491 0.031 0.146
7 0.973 0.514 0.041 0.146
7 0.946 0.503 0.035 0.165
7 0.92 0.499 0.045 0.184
7 0.094 0.513 0.077 0.188
7 0.905 0.504 0.024 0.134
7 0.889 0.484 0.052 0.162
