0 0.562 0.443 0.008 0.056
0 0.664 0.393 0.007 0.013
0 0.435 0.421 0.006 0.014
0 0.361 0.438 0.017 0.028
0 0.304 0.451 0.01 0.056
0 0.311 0.441 0.013 0.072
0 0.293 0.443 0.012 0.082
0 0.299 0.468 0.009 0.039
0 0.696 0.388 0.009 0.011
0 0.703 0.389 0.006 0.008
1 0.545 0.436 0.01 0.044
1 0.553 0.433 0.007 0.026
1 0.328 0.464 0.039 0.154
2 0.525 0.437 0.019 0.026
2 0.558 0.433 0.019 0.03
2 0.571 0.436 0.014 0.05
2 0.581 0.436 0.023 0.053
2 0.592 0.438 0.035 0.053
2 0.594 0.448 0.017 0.053
2 0.609 0.446 0.028 0.062
2 0.439 0.433 0.004 0.01
2 0.432 0.433 0.013 0.024
2 0.425 0.441 0.014 0.039
2 0.406 0.452 0.035 0.066
2 0.393 0.455 0.041 0.066
2 0.637 0.456 0.041 0.102
2 0.682 0.462 0.092 0.147
2 0.473 0.469 0.106 0.112
2 0.779 0.477 0.117 0.193
2 0.158 0.492 0.146 0.218
2 0.895 0.497 0.205 0.287
2 0.068 0.539 0.13 0.275
6 0.259 0.492 0.033 0.098
7 0.717 0.473 0.041 0.134
7 0.546 0.456 0.006 0.021
7 0.554 0.455 0.006 0.022
7 0.393 0.467 0.023 0.055
7 0.375 0.467 0.027 0.056
7 0.335 0.466 0.053 0.061
7 0.327 0.518 0.029 0.104
