0 0.516 0.422 0.01 0.034
0 0.553 0.404 0.002 0.004
0 0.608 0.41 0.003 0.011
0 0.629 0.407 0.005 0.011
0 0.705 0.431 0.016 0.078
0 0.584 0.412 0.003 0.005
2 0.468 0.418 0.006 0.019
2 0.465 0.419 0.009 0.021
2 0.457 0.42 0.011 0.022
2 0.443 0.419 0.019 0.037
2 0.442 0.428 0.006 0.021
2 0.437 0.427 0.006 0.024
2 0.433 0.427 0.005 0.026
2 0.046 0.47 0.086 0.125
2 0.571 0.407 0.006 0.006
2 0.565 0.407 0.01 0.009
2 0.568 0.422 0.011 0.023
2 0.583 0.417 0.021 0.042
2 0.599 0.438 0.021 0.047
2 0.62 0.442 0.041 0.06
2 0.667 0.461 0.068 0.087
2 0.818 0.475 0.2 0.292
2 0.543 0.414 0.009 0.015
5 0.533 0.401 0.03 0.02
5 0.297 0.357 0.269 0.314
