0 0.641 0.428 0.004 0.024
0 0.62 0.416 0.01 0.016
0 0.441 0.406 0.004 0.013
0 0.462 0.421 0.003 0.029
0 0.442 0.416 0.009 0.021
0 0.145 0.384 0.021 0.067
2 0.499 0.424 0.013 0.03
2 0.499 0.436 0.012 0.037
2 0.483 0.436 0.037 0.061
2 0.589 0.446 0.012 0.046
2 0.603 0.444 0.024 0.05
2 0.6 0.451 0.015 0.052
2 0.619 0.452 0.039 0.06
2 0.645 0.459 0.021 0.069
2 0.652 0.467 0.019 0.076
2 0.7 0.452 0.089 0.139
2 0.73 0.483 0.076 0.116
2 0.775 0.497 0.07 0.146
2 0.863 0.499 0.168 0.223
2 0.371 0.366 0.076 0.264
3 0.513 0.388 0.018 0.1
3 0.546 0.413 0.064 0.13
6 0.092 0.393 0.033 0.05
6 0.239 0.422 0.036 0.113
6 0.195 0.457 0.083 0.156
6 0.197 0.49 0.055 0.107
6 0.164 0.476 0.07 0.147
6 0.111 0.479 0.116 0.171
6 0.065 0.478 0.124 0.23
7 0.958 0.507 0.038 0.102
