0 0.833 0.375 0.019 0.039
0 0.885 0.364 0.018 0.055
0 0.901 0.371 0.03 0.054
0 0.927 0.519 0.093 0.293
0 0.542 0.432 0.026 0.15
0 0.519 0.437 0.029 0.142
0 0.468 0.436 0.013 0.062
0 0.368 0.421 0.019 0.033
0 0.311 0.414 0.019 0.05
0 0.223 0.408 0.021 0.063
0 0.249 0.444 0.046 0.2
0 0.01 0.439 0.014 0.111
2 0.588 0.438 0.048 0.047
2 0.48 0.446 0.038 0.041
2 0.43 0.438 0.042 0.059
3 0.554 0.431 0.04 0.064
7 0.591 0.446 0.022 0.031
7 0.65 0.428 0.012 0.028
7 0.638 0.443 0.02 0.06
7 0.668 0.428 0.014 0.038
7 0.675 0.446 0.026 0.08
7 0.691 0.46 0.031 0.086
7 0.792 0.484 0.047 0.173
7 0.827 0.477 0.042 0.176
7 0.87 0.458 0.043 0.159
7 0.979 0.508 0.036 0.22
7 0.926 0.563 0.077 0.139
7 0.198 0.449 0.028 0.063
7 0.17 0.454 0.035 0.059
