0 0.54 0.436 0.013 0.042
0 0.604 0.417 0.004 0.009
0 0.65 0.418 0.011 0.024
2 0.441 0.432 0.008 0.023
2 0.433 0.433 0.015 0.025
2 0.415 0.429 0.023 0.043
2 0.412 0.44 0.008 0.024
2 0.407 0.44 0.006 0.028
2 0.402 0.44 0.007 0.031
2 0.389 0.439 0.022 0.041
2 0.379 0.449 0.03 0.042
2 0.353 0.45 0.019 0.04
2 0.338 0.451 0.02 0.046
2 0.315 0.448 0.03 0.055
2 0.313 0.456 0.026 0.049
2 0.533 0.422 0.009 0.016
2 0.565 0.417 0.01 0.006
2 0.562 0.434 0.016 0.027
2 0.571 0.43 0.003 0.04
2 0.583 0.427 0.022 0.052
2 0.59 0.444 0.014 0.05
2 0.6 0.448 0.026 0.054
2 0.606 0.454 0.012 0.054
2 0.624 0.457 0.043 0.069
2 0.673 0.467 0.074 0.104
2 0.902 0.559 0.192 0.279
5 0.519 0.413 0.03 0.024
5 0.152 0.357 0.299 0.518
