0 0.367 0.436 0.019 0.11
0 0.409 0.403 0.005 0.027
0 0.84 0.443 0.019 0.069
0 0.862 0.455 0.016 0.048
0 0.34 0.437 0.019 0.106
0 0.4 0.419 0.013 0.068
0 0.342 0.391 0.016 0.051
0 0.252 0.436 0.014 0.106
0 0.947 0.479 0.012 0.093
1 0.618 0.421 0.011 0.049
2 0.762 0.429 0.023 0.029
2 0.531 0.435 0.013 0.018
2 0.506 0.429 0.035 0.038
2 0.786 0.435 0.042 0.045
2 0.92 0.441 0.009 0.042
2 0.453 0.433 0.087 0.149
2 0.571 0.422 0.026 0.055
2 0.562 0.431 0.03 0.044
2 0.598 0.435 0.038 0.054
2 0.512 0.43 0.029 0.04
4 0.649 0.409 0.067 0.087
7 0.618 0.444 0.004 0.024
