0 0.45 0.417 0.014 0.036
0 0.44 0.43 0.006 0.05
0 0.418 0.433 0.01 0.057
0 0.426 0.435 0.01 0.055
2 0.537 0.42 0.013 0.019
2 0.524 0.421 0.014 0.021
2 0.521 0.428 0.014 0.026
2 0.544 0.423 0.013 0.016
2 0.556 0.426 0.007 0.022
2 0.563 0.427 0.014 0.039
2 0.576 0.427 0.025 0.052
2 0.577 0.436 0.013 0.05
2 0.592 0.432 0.028 0.061
2 0.595 0.436 0.025 0.066
2 0.604 0.439 0.021 0.073
2 0.639 0.44 0.069 0.134
2 0.649 0.452 0.037 0.135
2 0.689 0.453 0.072 0.17
2 0.726 0.466 0.116 0.19
2 0.506 0.431 0.011 0.027
2 0.5 0.433 0.01 0.031
2 0.498 0.435 0.007 0.033
2 0.492 0.433 0.015 0.032
2 0.473 0.44 0.037 0.051
2 0.39 0.473 0.058 0.109
2 0.312 0.479 0.118 0.155
2 0.119 0.527 0.231 0.285
2 0.873 0.519 0.25 0.381
2 0.988 0.655 0.019 0.188
7 0.369 0.48 0.021 0.087
