0 0.75 0.405 0.009 0.013
0 0.775 0.401 0.015 0.058
0 0.593 0.43 0.006 0.032
2 0.05 0.512 0.094 0.181
2 0.353 0.458 0.018 0.06
2 0.332 0.458 0.037 0.066
2 0.317 0.463 0.032 0.067
2 0.289 0.468 0.05 0.08
2 0.249 0.473 0.057 0.094
2 0.188 0.48 0.093 0.108
2 0.482 0.43 0.006 0.013
2 0.469 0.443 0.024 0.036
2 0.411 0.454 0.034 0.051
2 0.443 0.453 0.029 0.061
2 0.53 0.452 0.016 0.062
2 0.504 0.46 0.059 0.087
2 0.606 0.45 0.022 0.06
2 0.627 0.451 0.037 0.071
2 0.639 0.454 0.042 0.076
2 0.664 0.463 0.04 0.093
2 0.702 0.466 0.063 0.114
2 0.744 0.474 0.09 0.126
2 0.55 0.446 0.027 0.048
