0 0.151 0.506 0.021 0.062
0 0.183 0.479 0.019 0.11
0 0.128 0.482 0.028 0.141
2 0.376 0.455 0.026 0.03
2 0.408 0.462 0.025 0.032
2 0.435 0.461 0.024 0.031
2 0.38 0.467 0.016 0.04
2 0.372 0.47 0.02 0.044
2 0.355 0.469 0.022 0.055
2 0.334 0.473 0.043 0.057
2 0.583 0.441 0.039 0.047
2 0.591 0.435 0.033 0.026
2 0.588 0.472 0.037 0.078
2 0.596 0.476 0.024 0.086
2 0.613 0.483 0.04 0.111
2 0.659 0.494 0.096 0.146
2 0.539 0.463 0.03 0.047
2 0.498 0.461 0.019 0.049
2 0.475 0.475 0.054 0.081
7 0.76 0.527 0.066 0.169
