0 0.295 0.427 0.01 0.049
0 0.525 0.437 0.012 0.088
0 0.533 0.439 0.016 0.08
0 0.154 0.431 0.016 0.074
0 0.166 0.431 0.014 0.07
0 0.033 0.428 0.018 0.113
0 0.015 0.439 0.024 0.112
1 0.496 0.437 0.027 0.104
2 0.225 0.419 0.015 0.017
2 0.334 0.438 0.027 0.04
2 0.35 0.439 0.027 0.043
2 0.369 0.441 0.029 0.05
2 0.392 0.442 0.038 0.055
2 0.425 0.446 0.04 0.061
2 0.454 0.449 0.054 0.065
2 0.778 0.535 0.241 0.314
2 0.129 0.426 0.028 0.059
6 0.497 0.471 0.03 0.094
7 0.297 0.442 0.004 0.023
7 0.512 0.454 0.016 0.054
