2 0.419 0.434 0.088 0.086
2 0.439 0.448 0.012 0.056
2 0.403 0.45 0.072 0.093
2 0.309 0.448 0.133 0.125
2 0.276 0.481 0.194 0.162
2 0.265 0.487 0.129 0.152
2 0.216 0.503 0.188 0.213
2 0.136 0.511 0.266 0.261
2 0.1 0.574 0.194 0.358
2 0.531 0.428 0.008 0.024
2 0.544 0.424 0.019 0.037
2 0.542 0.433 0.006 0.016
2 0.552 0.425 0.013 0.034
2 0.572 0.421 0.042 0.053
2 0.571 0.429 0.023 0.035
2 0.62 0.412 0.113 0.054
2 0.594 0.441 0.072 0.066
2 0.622 0.442 0.064 0.072
2 0.616 0.462 0.016 0.045
2 0.653 0.438 0.064 0.066
2 0.711 0.444 0.144 0.128
2 0.717 0.43 0.092 0.073
2 0.735 0.457 0.164 0.161
2 0.828 0.479 0.128 0.227
2 0.835 0.547 0.101 0.177
2 0.931 0.475 0.134 0.311
2 0.94 0.552 0.114 0.258
