0 0.417 0.425 0.007 0.026
0 0.412 0.425 0.005 0.027
0 0.407 0.425 0.006 0.027
0 0.389 0.427 0.005 0.034
0 0.379 0.427 0.008 0.034
0 0.396 0.419 0.011 0.037
0 0.323 0.445 0.013 0.065
0 0.302 0.421 0.015 0.065
0 0.286 0.425 0.02 0.108
0 0.217 0.4 0.019 0.051
0 0.241 0.414 0.023 0.083
0 0.057 0.447 0.046 0.178
0 0.019 0.434 0.031 0.19
0 0.531 0.432 0.014 0.072
0 0.24 0.447 0.013 0.04
0 0.275 0.491 0.018 0.104
0 0.239 0.475 0.072 0.145
0 0.226 0.488 0.027 0.124
0 0.277 0.493 0.047 0.103
1 0.713 0.453 0.044 0.188
1 0.775 0.524 0.03 0.129
1 0.881 0.456 0.081 0.387
1 0.859 0.52 0.03 0.152
7 0.397 0.448 0.021 0.053
7 0.3 0.463 0.018 0.078
7 0.546 0.454 0.011 0.021
7 0.921 0.523 0.014 0.075
7 0.713 0.508 0.034 0.132
7 0.776 0.548 0.02 0.082
7 0.884 0.583 0.08 0.245
