0 0.416 0.377 0.011 0.021
0 0.605 0.414 0.029 0.126
0 0.682 0.407 0.05 0.223
1 0.315 0.386 0.009 0.021
2 0.299 0.367 0.014 0.026
2 0.386 0.378 0.009 0.013
2 0.515 0.388 0.034 0.015
2 0.318 0.375 0.005 0.015
2 0.322 0.376 0.005 0.014
2 0.315 0.364 0.005 0.012
2 0.306 0.373 0.011 0.033
2 0.353 0.372 0.013 0.028
2 0.396 0.377 0.004 0.011
2 0.36 0.371 0.015 0.02
2 0.368 0.373 0.01 0.01
2 0.373 0.38 0.016 0.016
2 0.36 0.382 0.016 0.013
2 0.4 0.384 0.011 0.005
2 0.422 0.385 0.005 0.005
2 0.386 0.384 0.01 0.006
4 0.39 0.369 0.028 0.021
7 0.305 0.399 0.003 0.018
7 0.316 0.4 0.008 0.016
