0 0.671 0.33 0.008 0.037
0 0.654 0.339 0.01 0.059
0 0.749 0.372 0.022 0.109
0 0.72 0.372 0.02 0.116
0 0.905 0.303 0.014 0.028
0 0.874 0.376 0.017 0.102
0 0.608 0.314 0.007 0.019
0 0.613 0.314 0.006 0.017
0 0.617 0.313 0.006 0.016
0 0.624 0.31 0.008 0.021
0 0.631 0.324 0.009 0.032
0 0.64 0.329 0.01 0.044
0 0.644 0.341 0.012 0.057
0 0.548 0.32 0.008 0.027
0 0.579 0.322 0.007 0.025
0 0.573 0.323 0.007 0.022
0 0.563 0.321 0.011 0.024
0 0.541 0.323 0.006 0.025
0 0.537 0.322 0.005 0.028
0 0.492 0.311 0.004 0.008
0 0.498 0.311 0.005 0.007
0 0.475 0.319 0.005 0.021
0 0.485 0.32 0.008 0.027
0 0.465 0.313 0.005 0.01
0 0.452 0.311 0.005 0.017
0 0.457 0.312 0.007 0.014
0 0.444 0.315 0.006 0.021
0 0.438 0.316 0.01 0.026
0 0.43 0.317 0.007 0.023
0 0.421 0.319 0.003 0.021
0 0.416 0.318 0.006 0.022
0 0.419 0.329 0.006 0.016
0 0.415 0.338 0.005 0.034
0 0.435 0.356 0.009 0.074
0 0.432 0.361 0.016 0.072
0 0.627 0.368 0.021 0.084
0 0.526 0.414 0.045 0.172
0 0.37 0.337 0.004 0.036
0 0.367 0.36 0.008 0.062
0 0.336 0.369 0.014 0.1
0 0.328 0.386 0.024 0.11
0 0.359 0.422 0.072 0.248
0 0.223 0.392 0.017 0.134
0 0.246 0.392 0.028 0.126
0 0.216 0.394 0.043 0.143
0 0.205 0.396 0.029 0.151
0 0.181 0.361 0.021 0.081
0 0.181 0.36 0.017 0.082
0 0.134 0.342 0.012 0.038
0 0.096 0.385 0.021 0.098
0 0.14 0.386 0.026 0.125
0 0.114 0.38 0.035 0.136
0 0.072 0.383 0.033 0.091
0 0.061 0.392 0.046 0.14
1 0.599 0.368 0.025 0.097
1 0.167 0.383 0.041 0.13
2 0.93 0.442 0.134 0.31
2 0.946 0.512 0.103 0.361
2 0.592 0.313 0.019 0.013
2 0.553 0.321 0.016 0.026
2 0.593 0.334 0.026 0.036
2 0.503 0.315 0.008 0.01
2 0.496 0.333 0.019 0.036
2 0.471 0.326 0.01 0.018
2 0.52 0.332 0.037 0.058
2 0.458 0.329 0.026 0.022
2 0.451 0.348 0.021 0.044
2 0.433 0.36 0.039 0.062
2 0.477 0.375 0.054 0.083
2 0.564 0.393 0.068 0.12
6 0.664 0.396 0.053 0.062
6 0.171 0.432 0.04 0.063
7 0.599 0.394 0.01 0.047
7 0.645 0.387 0.037 0.067
7 0.66 0.395 0.011 0.05
7 0.176 0.484 0.077 0.151
7 0.132 0.48 0.082 0.156
7 0.046 0.427 0.067 0.07
7 0.012 0.454 0.018 0.027
7 0.106 0.501 0.09 0.177
7 0.015 0.432 0.025 0.071
7 0.034 0.544 0.038 0.116
7 0.105 0.547 0.047 0.12
7 0.052 0.518 0.099 0.193
