0 0.989 0.243 0.017 0.064
0 0.393 0.382 0.004 0.008
0 0.397 0.385 0.005 0.024
0 0.415 0.387 0.005 0.029
0 0.411 0.388 0.005 0.032
0 0.49 0.357 0.006 0.014
0 0.712 0.377 0.013 0.069
0 0.75 0.338 0.01 0.082
0 0.967 0.257 0.008 0.037
0 0.985 0.318 0.022 0.12
0 0.829 0.371 0.015 0.14
0 0.966 0.404 0.006 0.028
0 0.79 0.373 0.039 0.152
0 0.994 0.354 0.007 0.198
0 0.953 0.339 0.015 0.15
0 0.968 0.361 0.032 0.189
0 0.668 0.345 0.006 0.022
0 0.665 0.372 0.01 0.072
0 0.674 0.347 0.007 0.026
0 0.705 0.37 0.006 0.074
0 0.688 0.358 0.012 0.055
0 0.679 0.348 0.012 0.025
0 0.701 0.372 0.014 0.077
0 0.674 0.389 0.02 0.059
0 0.727 0.351 0.01 0.045
0 0.729 0.359 0.014 0.071
0 0.736 0.358 0.011 0.083
0 0.861 0.362 0.023 0.159
0 0.843 0.371 0.027 0.161
0 0.879 0.39 0.05 0.198
1 0.815 0.363 0.015 0.062
2 0.388 0.407 0.026 0.047
2 0.473 0.39 0.039 0.051
2 0.496 0.39 0.026 0.049
2 0.516 0.388 0.035 0.055
4 0.553 0.346 0.051 0.151
4 0.615 0.327 0.091 0.205
