0 0.662 0.401 0.007 0.025
0 0.535 0.437 0.004 0.007
0 0.54 0.443 0.003 0.005
0 0.324 0.415 0.009 0.028
0 0.339 0.409 0.004 0.013
0 0.33 0.418 0.017 0.04
0 0.311 0.41 0.01 0.047
0 0.302 0.409 0.015 0.046
0 0.283 0.442 0.01 0.023
0 0.274 0.436 0.023 0.059
0 0.229 0.444 0.033 0.088
0 0.192 0.428 0.021 0.046
0 0.207 0.419 0.014 0.041
0 0.111 0.373 0.037 0.132
0 0.016 0.424 0.026 0.195
0 0.087 0.351 0.086 0.176
0 0.674 0.4 0.011 0.028
0 0.496 0.473 0.049 0.213
0 0.585 0.44 0.029 0.135
0 0.76 0.437 0.033 0.062
0 0.793 0.437 0.032 0.071
0 0.863 0.446 0.022 0.144
0 0.845 0.445 0.022 0.145
0 0.9 0.424 0.033 0.145
2 0.517 0.419 0.021 0.028
2 0.535 0.41 0.016 0.042
2 0.533 0.414 0.01 0.034
2 0.548 0.417 0.024 0.062
2 0.55 0.427 0.016 0.057
2 0.6 0.417 0.091 0.071
2 0.571 0.45 0.015 0.073
2 0.479 0.417 0.006 0.022
2 0.481 0.421 0.008 0.038
2 0.448 0.412 0.03 0.062
2 0.439 0.424 0.024 0.048
2 0.433 0.43 0.018 0.05
2 0.426 0.432 0.018 0.058
2 0.363 0.448 0.063 0.089
2 0.04 0.668 0.074 0.422
2 0.925 0.589 0.145 0.463
3 0.519 0.402 0.02 0.042
6 0.69 0.445 0.068 0.106
7 0.192 0.522 0.125 0.271
7 0.027 0.453 0.048 0.079
7 0.125 0.591 0.165 0.27
