0 0.756 0.393 0.005 0.014
0 0.752 0.396 0.012 0.017
0 0.768 0.395 0.007 0.014
0 0.78 0.399 0.008 0.021
0 0.819 0.389 0.01 0.062
0 0.811 0.392 0.012 0.059
0 0.828 0.383 0.011 0.064
0 0.846 0.379 0.011 0.093
0 0.834 0.386 0.015 0.084
0 0.865 0.357 0.009 0.048
0 0.858 0.402 0.027 0.131
0 0.875 0.377 0.008 0.069
0 0.892 0.358 0.005 0.015
0 0.897 0.379 0.011 0.071
0 0.88 0.357 0.01 0.033
0 0.906 0.38 0.011 0.075
0 0.915 0.376 0.017 0.099
0 0.925 0.382 0.017 0.094
0 0.935 0.385 0.019 0.104
0 0.961 0.375 0.007 0.091
0 0.962 0.384 0.021 0.109
0 0.951 0.389 0.023 0.111
0 0.995 0.36 0.006 0.05
0 0.988 0.359 0.011 0.048
0 0.967 0.377 0.013 0.084
0 0.979 0.369 0.023 0.088
0 0.888 0.407 0.024 0.123
0 0.698 0.4 0.007 0.046
0 0.65 0.403 0.009 0.04
0 0.628 0.401 0.008 0.043
0 0.622 0.4 0.007 0.046
0 0.609 0.403 0.007 0.04
0 0.602 0.402 0.008 0.036
0 0.588 0.404 0.009 0.043
0 0.593 0.407 0.009 0.032
0 0.597 0.41 0.007 0.026
0 0.349 0.422 0.007 0.029
0 0.342 0.427 0.01 0.016
0 0.343 0.423 0.007 0.031
0 0.334 0.427 0.005 0.02
0 0.331 0.43 0.004 0.018
0 0.326 0.428 0.006 0.021
0 0.315 0.421 0.004 0.028
0 0.319 0.42 0.01 0.037
0 0.296 0.421 0.007 0.034
0 0.301 0.409 0.011 0.059
0 0.31 0.42 0.008 0.036
0 0.287 0.424 0.01 0.035
0 0.278 0.414 0.011 0.052
0 0.224 0.424 0.008 0.039
0 0.23 0.416 0.013 0.051
0 0.241 0.412 0.014 0.059
0 0.213 0.418 0.011 0.05
0 0.198 0.417 0.007 0.052
0 0.187 0.417 0.016 0.085
0 0.143 0.411 0.005 0.041
0 0.164 0.44 0.021 0.131
0 0.151 0.439 0.018 0.139
0 0.13 0.394 0.003 0.021
0 0.135 0.441 0.012 0.077
0 0.06 0.416 0.012 0.063
0 0.092 0.391 0.014 0.041
0 0.115 0.426 0.013 0.105
0 0.107 0.451 0.013 0.156
0 0.097 0.454 0.03 0.162
0 0.074 0.453 0.021 0.162
0 0.038 0.416 0.015 0.098
0 0.042 0.424 0.02 0.098
0 0.007 0.422 0.008 0.076
0 0.018 0.421 0.021 0.096
2 0.703 0.405 0.004 0.019
2 0.978 0.452 0.04 0.159
2 0.658 0.404 0.009 0.031
2 0.57 0.405 0.017 0.054
2 0.458 0.408 0.035 0.061
2 0.505 0.411 0.015 0.036
2 0.537 0.388 0.055 0.116
2 0.216 0.435 0.014 0.013
4 0.392 0.379 0.095 0.137
4 0.474 0.398 0.073 0.067
