0 0.329 0.406 0.019 0.109
0 0.353 0.403 0.022 0.109
0 0.503 0.377 0.002 0.008
0 0.506 0.36 0.003 0.008
0 0.57 0.367 0.009 0.017
0 0.784 0.428 0.023 0.14
0 0.717 0.453 0.016 0.118
0 0.754 0.415 0.026 0.194
0 0.616 0.387 0.02 0.121
0 0.51 0.371 0.004 0.02
1 0.521 0.365 0.007 0.018
1 0.527 0.37 0.004 0.022
1 0.539 0.382 0.011 0.081
1 0.55 0.386 0.019 0.079
1 0.746 0.439 0.01 0.078
2 0.359 0.418 0.053 0.082
2 0.407 0.376 0.048 0.108
2 0.463 0.385 0.015 0.031
2 0.484 0.357 0.008 0.012
2 0.488 0.364 0.011 0.015
2 0.495 0.371 0.011 0.02
7 0.521 0.379 0.004 0.013
7 0.527 0.377 0.002 0.013
7 0.542 0.406 0.006 0.046
7 0.55 0.408 0.008 0.052
7 0.148 0.437 0.031 0.044
