0 0.645 0.354 0.005 0.013
0 0.637 0.364 0.007 0.028
0 0.608 0.387 0.008 0.03
0 0.629 0.382 0.016 0.063
0 0.62 0.394 0.012 0.055
0 0.615 0.396 0.01 0.049
0 0.687 0.341 0.004 0.012
0 0.69 0.34 0.006 0.014
0 0.696 0.341 0.008 0.014
0 0.706 0.343 0.007 0.012
0 0.728 0.337 0.007 0.014
0 0.821 0.302 0.018 0.032
0 0.977 0.291 0.02 0.032
0 0.511 0.354 0.004 0.008
0 0.519 0.395 0.011 0.072
0 0.517 0.392 0.023 0.084
0 0.499 0.401 0.009 0.051
0 0.504 0.406 0.004 0.029
0 0.508 0.396 0.015 0.078
0 0.443 0.397 0.005 0.006
0 0.44 0.417 0.005 0.017
0 0.427 0.403 0.007 0.043
0 0.413 0.386 0.004 0.016
0 0.41 0.391 0.005 0.021
0 0.419 0.391 0.016 0.052
0 0.433 0.403 0.014 0.075
0 0.474 0.393 0.012 0.089
0 0.487 0.396 0.02 0.098
0 0.464 0.398 0.015 0.08
0 0.458 0.402 0.02 0.076
0 0.376 0.365 0.005 0.008
0 0.372 0.365 0.007 0.008
0 0.351 0.363 0.008 0.005
0 0.297 0.382 0.003 0.018
0 0.283 0.375 0.004 0.008
0 0.287 0.376 0.001 0.01
0 0.27 0.375 0.006 0.006
0 0.261 0.374 0.007 0.009
0 0.224 0.373 0.016 0.024
0 0.188 0.379 0.009 0.02
0 0.2 0.384 0.015 0.036
0 0.107 0.506 0.081 0.441
0 0.057 0.534 0.062 0.466
2 0.64 0.406 0.027 0.099
2 0.67 0.41 0.066 0.129
2 0.703 0.42 0.048 0.153
2 0.759 0.427 0.116 0.219
2 0.86 0.469 0.225 0.343
2 0.946 0.498 0.104 0.473
2 0.571 0.419 0.089 0.13
2 0.383 0.423 0.033 0.109
2 0.339 0.434 0.085 0.137
2 0.258 0.465 0.124 0.174
2 0.111 0.5 0.215 0.267
7 0.414 0.428 0.026 0.055
