0 0.792 0.368 0.021 0.14
0 0.325 0.39 0.005 0.01
2 0.145 0.427 0.041 0.043
2 0.533 0.401 0.011 0.022
2 0.543 0.402 0.011 0.04
2 0.548 0.404 0.017 0.046
2 0.551 0.404 0.015 0.046
2 0.583 0.411 0.053 0.079
2 0.479 0.405 0.006 0.017
2 0.408 0.421 0.015 0.021
2 0.386 0.415 0.029 0.047
2 0.376 0.42 0.019 0.046
2 0.365 0.423 0.018 0.051
2 0.355 0.423 0.018 0.055
2 0.332 0.425 0.045 0.062
2 0.419 0.41 0.01 0.044
2 0.432 0.416 0.028 0.04
2 0.504 0.415 0.045 0.078
6 0.813 0.392 0.05 0.099
7 0.803 0.409 0.009 0.035
7 0.228 0.455 0.039 0.062
7 0.191 0.454 0.048 0.068
