0 0.051 0.342 0.004 0.008
0 0.086 0.358 0.003 0.026
0 0.09 0.357 0.003 0.028
0 0.094 0.359 0.01 0.046
0 0.071 0.396 0.022 0.07
0 0.265 0.362 0.007 0.011
0 0.289 0.363 0.006 0.009
0 0.296 0.364 0.003 0.006
0 0.124 0.393 0.013 0.073
0 0.135 0.394 0.013 0.072
0 0.139 0.404 0.021 0.075
0 0.157 0.394 0.01 0.069
0 0.171 0.391 0.011 0.067
0 0.182 0.391 0.014 0.071
0 0.165 0.409 0.021 0.076
0 0.951 0.46 0.093 0.516
0 0.485 0.407 0.025 0.126
0 0.522 0.406 0.016 0.133
0 0.508 0.404 0.024 0.125
0 0.489 0.432 0.021 0.084
0 0.555 0.441 0.058 0.328
0 0.541 0.445 0.073 0.373
0 0.603 0.478 0.077 0.537
0 0.673 0.486 0.088 0.544
0 0.458 0.379 0.007 0.067
0 0.3 0.402 0.019 0.097
0 0.391 0.553 0.176 0.73
1 0.716 0.375 0.03 0.108
1 0.344 0.417 0.049 0.265
7 0.722 0.463 0.024 0.09
7 0.595 0.5 0.074 0.094
7 0.321 0.497 0.057 0.156
