0 0.869 0.396 0.005 0.031
0 0.848 0.403 0.01 0.038
0 0.839 0.399 0.012 0.044
0 0.703 0.412 0.01 0.048
0 0.604 0.4 0.007 0.014
0 0.533 0.421 0.014 0.057
0 0.513 0.424 0.013 0.064
0 0.484 0.425 0.01 0.063
0 0.469 0.427 0.014 0.062
0 0.453 0.427 0.009 0.059
0 0.436 0.429 0.01 0.059
0 0.689 0.423 0.037 0.122
0 0.736 0.501 0.084 0.477
0 0.895 0.51 0.097 0.554
0 0.415 0.419 0.015 0.052
0 0.399 0.426 0.011 0.067
0 0.385 0.433 0.011 0.065
0 0.34 0.419 0.01 0.043
0 0.324 0.43 0.014 0.078
0 0.305 0.433 0.014 0.076
0 0.068 0.404 0.01 0.014
0 0.22 0.427 0.017 0.102
0 0.108 0.443 0.013 0.044
0 0.277 0.572 0.228 0.683
2 0.956 0.387 0.022 0.027
2 0.944 0.393 0.009 0.026
2 0.951 0.394 0.01 0.022
2 0.936 0.382 0.015 0.052
2 0.818 0.405 0.032 0.052
2 0.668 0.421 0.065 0.076
2 0.994 0.411 0.007 0.055
2 0.064 0.48 0.123 0.151
2 0.994 0.39 0.008 0.019
2 0.989 0.389 0.01 0.023
2 0.979 0.388 0.01 0.027
3 0.772 0.383 0.066 0.11
7 0.58 0.435 0.022 0.043
7 0.413 0.449 0.018 0.05
