0 0.757 0.373 0.005 0.022
0 0.792 0.379 0.011 0.027
0 0.763 0.374 0.006 0.025
0 0.776 0.376 0.005 0.029
0 0.77 0.373 0.009 0.035
0 0.824 0.364 0.022 0.078
0 0.865 0.376 0.017 0.126
0 0.854 0.376 0.018 0.13
0 0.842 0.39 0.028 0.146
0 0.882 0.374 0.032 0.171
1 0.427 0.387 0.023 0.134
2 0.706 0.359 0.032 0.035
2 0.433 0.356 0.002 0.001
2 0.439 0.365 0.016 0.018
2 0.397 0.369 0.037 0.022
2 0.517 0.377 0.015 0.016
2 0.51 0.405 0.031 0.071
2 0.485 0.403 0.063 0.071
2 0.308 0.425 0.077 0.152
2 0.196 0.441 0.199 0.24
2 0.089 0.462 0.101 0.232
2 0.067 0.535 0.128 0.526
2 0.664 0.389 0.014 0.033
2 0.677 0.38 0.013 0.025
2 0.658 0.406 0.013 0.069
3 0.588 0.353 0.128 0.332
7 0.44 0.423 0.038 0.09
7 0.467 0.428 0.026 0.095
7 0.493 0.423 0.034 0.076
