0 0.072 0.416 0.011 0.021
0 0.995 0.39 0.005 0.143
0 0.987 0.395 0.021 0.141
0 0.965 0.39 0.032 0.151
0 0.914 0.414 0.016 0.074
0 0.697 0.4 0.007 0.027
0 0.389 0.421 0.006 0.018
0 0.373 0.429 0.009 0.038
0 0.38 0.432 0.006 0.032
1 0.753 0.394 0.016 0.08
1 0.768 0.395 0.019 0.091
1 0.787 0.383 0.03 0.108
2 0.354 0.438 0.025 0.034
2 0.325 0.437 0.035 0.053
2 0.3 0.442 0.025 0.046
2 0.28 0.447 0.03 0.042
2 0.247 0.447 0.057 0.053
2 0.207 0.442 0.043 0.071
2 0.193 0.453 0.02 0.05
2 0.149 0.439 0.083 0.076
2 0.143 0.45 0.052 0.062
2 0.114 0.453 0.058 0.064
2 0.079 0.457 0.061 0.066
2 0.027 0.457 0.048 0.087
2 0.643 0.406 0.02 0.039
2 0.615 0.411 0.037 0.059
2 0.545 0.413 0.008 0.032
3 0.567 0.388 0.042 0.086
7 0.752 0.419 0.014 0.055
7 0.77 0.426 0.007 0.064
7 0.79 0.432 0.024 0.085
7 0.615 0.403 0.038 0.049
