0 0.612 0.357 0.008 0.02
0 0.404 0.381 0.011 0.033
0 0.3 0.38 0.015 0.05
0 0.292 0.392 0.014 0.029
0 0.156 0.401 0.015 0.023
0 0.219 0.382 0.012 0.051
0 0.353 0.39 0.011 0.027
0 0.325 0.391 0.009 0.026
0 0.278 0.391 0.019 0.03
0 0.362 0.391 0.014 0.022
0 0.256 0.395 0.013 0.024
0 0.314 0.39 0.018 0.031
0 0.082 0.428 0.016 0.081
0 0.093 0.415 0.021 0.113
0 0.039 0.415 0.019 0.122
0 0.008 0.424 0.011 0.105
0 0.021 0.418 0.021 0.121
0 0.516 0.412 0.025 0.166
0 0.657 0.411 0.024 0.174
0 0.709 0.354 0.029 0.067
2 0.636 0.382 0.013 0.035
2 0.632 0.387 0.015 0.033
2 0.624 0.388 0.012 0.035
2 0.61 0.388 0.021 0.039
2 0.606 0.392 0.019 0.04
2 0.595 0.394 0.015 0.042
2 0.582 0.395 0.023 0.043
2 0.569 0.398 0.022 0.044
2 0.554 0.401 0.023 0.047
2 0.537 0.403 0.018 0.05
2 0.529 0.403 0.011 0.053
2 0.495 0.407 0.029 0.062
2 0.474 0.412 0.03 0.065
2 0.439 0.415 0.06 0.078
7 0.139 0.45 0.053 0.082
7 0.248 0.445 0.043 0.076
