0 0.963 0.357 0.004 0.024
0 0.967 0.359 0.004 0.028
0 0.666 0.362 0.003 0.036
0 0.657 0.374 0.005 0.046
0 0.648 0.373 0.004 0.018
0 0.653 0.375 0.008 0.05
0 0.631 0.361 0.002 0.02
0 0.629 0.375 0.006 0.054
0 0.619 0.372 0.003 0.036
0 0.627 0.378 0.005 0.049
0 0.623 0.374 0.007 0.053
0 0.575 0.348 0.003 0.018
0 0.572 0.346 0.005 0.024
0 0.567 0.346 0.006 0.024
0 0.562 0.348 0.007 0.034
0 0.568 0.367 0.006 0.038
0 0.568 0.396 0.006 0.023
0 0.529 0.35 0.008 0.034
0 0.534 0.35 0.004 0.035
0 0.493 0.348 0.005 0.034
0 0.503 0.345 0.004 0.03
0 0.511 0.35 0.004 0.035
0 0.515 0.348 0.005 0.044
0 0.518 0.348 0.004 0.043
0 0.508 0.355 0.007 0.04
0 0.5 0.344 0.01 0.029
0 0.456 0.347 0.005 0.042
0 0.461 0.344 0.009 0.046
0 0.467 0.346 0.007 0.039
0 0.474 0.344 0.01 0.047
0 0.481 0.349 0.008 0.037
0 0.396 0.345 0.005 0.048
0 0.394 0.348 0.003 0.049
0 0.412 0.342 0.005 0.035
0 0.4 0.345 0.007 0.043
0 0.406 0.343 0.01 0.038
0 0.429 0.344 0.004 0.025
0 0.424 0.343 0.007 0.028
0 0.417 0.341 0.01 0.039
0 0.433 0.347 0.006 0.042
0 0.446 0.325 0.006 0.011
0 0.451 0.345 0.008 0.043
0 0.437 0.345 0.007 0.034
0 0.444 0.349 0.009 0.05
0 0.351 0.349 0.006 0.038
0 0.358 0.34 0.012 0.056
0 0.369 0.343 0.011 0.05
0 0.466 0.382 0.011 0.048
0 0.474 0.388 0.011 0.058
0 0.417 0.363 0.005 0.018
0 0.422 0.371 0.008 0.028
0 0.437 0.367 0.007 0.015
0 0.428 0.365 0.013 0.021
0 0.45 0.366 0.01 0.018
0 0.407 0.396 0.008 0.058
0 0.414 0.388 0.008 0.06
0 0.343 0.34 0.008 0.029
0 0.333 0.348 0.004 0.04
0 0.338 0.349 0.013 0.038
0 0.321 0.341 0.015 0.055
0 0.292 0.338 0.005 0.057
0 0.301 0.341 0.004 0.057
0 0.182 0.333 0.013 0.073
0 0.206 0.347 0.004 0.046
0 0.216 0.347 0.009 0.047
0 0.21 0.347 0.006 0.044
0 0.247 0.349 0.005 0.041
0 0.268 0.348 0.008 0.045
0 0.251 0.346 0.01 0.046
0 0.26 0.343 0.011 0.054
0 0.225 0.347 0.008 0.045
0 0.236 0.344 0.004 0.052
0 0.232 0.344 0.01 0.053
0 0.242 0.345 0.01 0.051
0 0.202 0.344 0.012 0.052
0 0.196 0.358 0.012 0.02
0 0.19 0.339 0.015 0.061
0 0.152 0.34 0.007 0.057
0 0.144 0.335 0.015 0.064
0 0.091 0.339 0.013 0.051
0 0.064 0.33 0.015 0.059
0 0.076 0.345 0.008 0.026
0 0.049 0.325 0.009 0.07
0 0.033 0.329 0.006 0.038
0 0.01 0.322 0.012 0.064
0 0.018 0.321 0.012 0.072
0 0.025 0.325 0.014 0.071
0 0.574 0.374 0.007 0.036
0 0.556 0.368 0.009 0.036
0 0.065 0.403 0.008 0.084
0 0.072 0.399 0.015 0.097
1 0.792 0.359 0.004 0.021
1 0.51 0.421 0.054 0.13
1 0.339 0.387 0.01 0.017
2 0.927 0.354 0.011 0.007
2 0.817 0.345 0.035 0.022
2 0.823 0.359 0.035 0.028
2 0.776 0.368 0.015 0.039
2 0.802 0.374 0.024 0.034
2 0.918 0.368 0.015 0.046
2 0.898 0.376 0.039 0.065
2 0.76 0.368 0.015 0.039
2 0.74 0.368 0.027 0.046
2 0.726 0.378 0.026 0.038
2 0.533 0.396 0.057 0.058
2 0.439 0.432 0.074 0.119
4 0.982 0.339 0.031 0.062
4 0.915 0.331 0.072 0.046
4 0.848 0.336 0.071 0.056
6 0.51 0.455 0.091 0.128
7 0.401 0.401 0.016 0.039
7 0.218 0.41 0.016 0.048
7 0.13 0.408 0.021 0.05
7 0.143 0.433 0.014 0.012
7 0.055 0.417 0.017 0.058
