0 0.955 0.354 0.009 0.014
0 0.967 0.352 0.015 0.02
0 0.768 0.356 0.008 0.032
0 0.904 0.377 0.01 0.071
0 0.892 0.38 0.019 0.074
0 0.937 0.353 0.012 0.015
0 0.866 0.372 0.015 0.068
0 0.671 0.376 0.006 0.066
0 0.676 0.376 0.011 0.064
0 0.85 0.372 0.01 0.07
0 0.706 0.379 0.013 0.069
0 0.799 0.476 0.06 0.408
0 0.472 0.345 0.004 0.026
0 0.479 0.346 0.005 0.026
0 0.415 0.353 0.006 0.035
0 0.419 0.353 0.008 0.035
1 0.75 0.376 0.013 0.066
1 0.726 0.365 0.018 0.06
1 0.431 0.351 0.009 0.035
1 0.604 0.382 0.017 0.094
1 0.558 0.385 0.016 0.08
2 0.961 0.352 0.035 0.017
2 0.969 0.356 0.021 0.011
2 0.839 0.367 0.021 0.043
2 0.835 0.373 0.013 0.026
2 0.782 0.366 0.012 0.025
2 0.731 0.359 0.039 0.029
2 0.667 0.364 0.055 0.037
7 0.755 0.389 0.028 0.041
7 0.708 0.393 0.036 0.043
7 0.556 0.407 0.006 0.049
7 0.602 0.407 0.011 0.058
