0 0.449 0.298 0.004 0.005
0 0.465 0.296 0.005 0.011
0 0.489 0.298 0.003 0.009
0 0.484 0.298 0.006 0.009
0 0.5 0.299 0.004 0.009
0 0.504 0.299 0.005 0.01
0 0.521 0.302 0.004 0.006
0 0.382 0.294 0.003 0.008
0 0.014 0.309 0.022 0.044
0 0.414 0.386 0.006 0.035
0 0.441 0.379 0.003 0.021
0 0.438 0.378 0.004 0.015
0 0.456 0.381 0.006 0.021
0 0.465 0.394 0.01 0.042
0 0.502 0.391 0.005 0.029
0 0.508 0.39 0.004 0.028
0 0.513 0.387 0.005 0.034
0 0.523 0.388 0.004 0.032
0 0.519 0.388 0.006 0.033
0 0.705 0.436 0.047 0.229
0 0.771 0.418 0.05 0.267
2 0.473 0.381 0.008 0.019
2 0.49 0.385 0.021 0.023
2 0.711 0.408 0.075 0.088
2 0.496 0.389 0.006 0.012
2 0.498 0.388 0.005 0.016
2 0.522 0.386 0.037 0.032
2 0.583 0.379 0.086 0.062
2 0.592 0.39 0.035 0.04
2 0.598 0.395 0.029 0.034
2 0.634 0.412 0.079 0.063
2 0.782 0.415 0.113 0.1
2 0.885 0.437 0.225 0.182
2 0.905 0.472 0.186 0.212
2 0.945 0.436 0.106 0.228
2 0.955 0.551 0.084 0.193
2 0.435 0.369 0.008 0.009
2 0.369 0.378 0.072 0.085
2 0.374 0.404 0.022 0.04
2 0.346 0.389 0.035 0.082
2 0.343 0.415 0.021 0.049
2 0.278 0.392 0.114 0.128
2 0.237 0.398 0.098 0.109
2 0.215 0.405 0.086 0.119
2 0.139 0.395 0.092 0.155
2 0.103 0.404 0.111 0.165
2 0.057 0.411 0.109 0.169
2 0.033 0.432 0.06 0.168
2 0.426 0.391 0.026 0.045
3 0.667 0.382 0.14 0.127
