0 0.324 0.379 0.011 0.032
0 0.367 0.394 0.011 0.066
0 0.359 0.395 0.019 0.076
0 0.227 0.398 0.009 0.039
0 0.219 0.403 0.006 0.042
1 0.723 0.362 0.015 0.045
1 0.962 0.346 0.027 0.06
1 0.318 0.388 0.021 0.089
1 0.281 0.391 0.023 0.077
2 0.381 0.394 0.016 0.044
2 0.252 0.409 0.054 0.059
2 0.588 0.395 0.196 0.143
2 0.804 0.386 0.214 0.177
2 0.061 0.401 0.116 0.129
2 0.121 0.428 0.193 0.138
2 0.961 0.393 0.073 0.11
4 0.352 0.373 0.059 0.048
6 0.705 0.37 0.012 0.034
6 0.724 0.372 0.009 0.025
7 0.275 0.413 0.03 0.052
