0 0.516 0.409 0.012 0.07
0 0.622 0.362 0.011 0.031
0 0.587 0.422 0.076 0.301
0 0.704 0.431 0.071 0.296
0 0.672 0.422 0.082 0.361
0 0.895 0.406 0.044 0.233
0 0.924 0.402 0.053 0.249
0 0.22 0.4 0.014 0.064
0 0.209 0.4 0.015 0.059
0 0.011 0.48 0.016 0.129
1 0.303 0.415 0.012 0.074
1 0.307 0.386 0.04 0.102
1 0.17 0.398 0.045 0.171
1 0.417 0.398 0.012 0.06
1 0.487 0.407 0.077 0.24
2 0.53 0.4 0.039 0.064
2 0.506 0.417 0.009 0.022
2 0.479 0.392 0.022 0.031
2 0.665 0.394 0.134 0.119
2 0.74 0.399 0.185 0.135
2 0.975 0.408 0.044 0.082
2 0.417 0.392 0.027 0.055
2 0.401 0.403 0.031 0.046
2 0.387 0.409 0.01 0.053
2 0.361 0.4 0.045 0.084
2 0.339 0.407 0.041 0.092
2 0.45 0.396 0.028 0.035
7 0.235 0.408 0.008 0.028
7 0.174 0.434 0.093 0.126
7 0.481 0.477 0.118 0.145
7 0.417 0.412 0.01 0.043
