0 0.808 0.454 0.061 0.308
0 0.851 0.453 0.054 0.328
0 0.463 0.443 0.012 0.054
0 0.396 0.448 0.013 0.056
0 0.604 0.437 0.015 0.093
0 0.02 0.434 0.016 0.038
0 0.132 0.439 0.016 0.041
0 0.112 0.467 0.023 0.084
0 0.152 0.433 0.009 0.021
0 0.04 0.441 0.015 0.032
0 0.054 0.442 0.018 0.035
2 0.446 0.451 0.014 0.025
2 0.426 0.452 0.033 0.048
2 0.507 0.448 0.018 0.03
2 0.518 0.446 0.01 0.031
2 0.554 0.445 0.042 0.038
2 0.586 0.443 0.021 0.064
2 0.591 0.452 0.014 0.053
2 0.615 0.438 0.053 0.085
2 0.625 0.444 0.022 0.069
2 0.647 0.45 0.041 0.091
2 0.667 0.452 0.038 0.097
2 0.688 0.451 0.039 0.113
2 0.725 0.453 0.093 0.123
2 0.735 0.468 0.075 0.151
2 0.767 0.472 0.03 0.18
2 0.886 0.467 0.222 0.285
2 0.38 0.454 0.022 0.044
2 0.361 0.455 0.027 0.053
2 0.346 0.456 0.036 0.064
2 0.314 0.457 0.049 0.077
2 0.302 0.466 0.04 0.076
2 0.258 0.464 0.063 0.108
2 0.187 0.478 0.113 0.138
7 0.571 0.446 0.013 0.054
