0 0.318 0.396 0.004 0.012
0 0.646 0.391 0.006 0.037
0 0.331 0.392 0.004 0.02
0 0.312 0.403 0.006 0.027
0 0.778 0.418 0.027 0.146
0 0.816 0.417 0.055 0.257
0 0.654 0.396 0.01 0.043
1 0.639 0.388 0.013 0.052
1 0.601 0.395 0.01 0.045
2 0.312 0.402 0.016 0.017
2 0.612 0.388 0.021 0.041
2 0.582 0.397 0.013 0.019
2 0.57 0.392 0.014 0.035
2 0.509 0.38 0.014 0.024
2 0.461 0.394 0.018 0.016
2 0.488 0.396 0.037 0.044
2 0.288 0.401 0.036 0.038
2 0.293 0.417 0.011 0.007
2 0.536 0.414 0.07 0.105
7 0.639 0.411 0.007 0.029
7 0.601 0.414 0.002 0.021
