0 0.371 0.417 0.004 0.04
0 0.328 0.413 0.006 0.021
0 0.083 0.41 0.03 0.076
0 0.708 0.397 0.01 0.026
0 0.72 0.4 0.01 0.024
0 0.73 0.398 0.011 0.028
0 0.755 0.4 0.005 0.023
0 0.763 0.396 0.017 0.031
0 0.786 0.39 0.015 0.041
0 0.805 0.392 0.016 0.034
0 0.397 0.423 0.009 0.049
0 0.428 0.419 0.015 0.055
1 0.339 0.424 0.015 0.03
2 0.577 0.41 0.016 0.021
2 0.451 0.42 0.019 0.031
2 0.451 0.426 0.002 0.003
2 0.308 0.43 0.034 0.062
2 0.296 0.435 0.029 0.066
2 0.272 0.427 0.036 0.098
2 0.252 0.436 0.042 0.094
2 0.04 0.489 0.074 0.188
2 0.153 0.499 0.212 0.241
2 0.656 0.386 0.083 0.059
2 0.399 0.424 0.035 0.044
7 0.548 0.419 0.005 0.008
