0 0.805 0.365 0.01 0.08
1 0.812 0.371 0.021 0.091
1 0.774 0.372 0.011 0.057
1 0.72 0.379 0.021 0.093
2 0.79 0.369 0.026 0.026
2 0.733 0.379 0.058 0.029
2 0.823 0.367 0.021 0.025
2 0.683 0.376 0.041 0.03
2 0.634 0.382 0.02 0.108
2 0.554 0.418 0.145 0.287
2 0.182 0.422 0.021 0.032
2 0.207 0.425 0.054 0.064
2 0.293 0.414 0.027 0.056
2 0.323 0.421 0.051 0.064
2 0.351 0.421 0.022 0.072
2 0.391 0.39 0.076 0.166
2 0.01 0.438 0.015 0.037
2 0.258 0.423 0.059 0.083
7 0.812 0.399 0.015 0.062
7 0.774 0.393 0.007 0.029
7 0.721 0.412 0.005 0.042
