0 0.955 0.422 0.009 0.096
0 0.941 0.434 0.035 0.115
0 0.96 0.425 0.018 0.137
0 0.706 0.427 0.013 0.072
0 0.728 0.442 0.031 0.152
0 0.893 0.402 0.017 0.059
0 0.619 0.43 0.02 0.146
0 0.032 0.375 0.024 0.064
0 0.051 0.376 0.02 0.062
0 0.077 0.379 0.021 0.051
0 0.107 0.375 0.024 0.061
0 0.081 0.393 0.02 0.028
0 0.017 0.376 0.025 0.086
0 0.065 0.441 0.047 0.124
0 0.099 0.443 0.028 0.127
0 0.274 0.404 0.034 0.119
0 0.387 0.42 0.026 0.14
1 0.245 0.42 0.029 0.122
7 0.988 0.478 0.019 0.147
7 0.744 0.435 0.008 0.057
7 0.801 0.459 0.056 0.109
7 0.014 0.507 0.022 0.114
7 0.247 0.443 0.023 0.081
7 0.447 0.451 0.044 0.119
7 0.536 0.455 0.026 0.093
7 0.601 0.481 0.053 0.155
7 0.316 0.471 0.068 0.175
