0 0.432 0.422 0.004 0.023
0 0.443 0.417 0.005 0.021
0 0.446 0.42 0.007 0.027
0 0.452 0.419 0.007 0.029
0 0.457 0.42 0.007 0.031
0 0.462 0.42 0.006 0.031
0 0.496 0.417 0.005 0.026
0 0.507 0.41 0.002 0.007
0 0.513 0.414 0.01 0.05
0 0.521 0.423 0.007 0.041
0 0.529 0.422 0.007 0.057
0 0.629 0.443 0.016 0.141
0 0.615 0.44 0.026 0.167
0 0.675 0.43 0.024 0.158
0 0.756 0.438 0.052 0.188
0 0.906 0.426 0.011 0.12
0 0.93 0.432 0.015 0.11
0 0.97 0.423 0.026 0.149
0 0.242 0.419 0.01 0.061
0 0.234 0.417 0.012 0.056
0 0.099 0.398 0.012 0.059
0 0.108 0.397 0.013 0.057
0 0.126 0.377 0.009 0.014
0 0.132 0.418 0.016 0.083
0 0.182 0.446 0.02 0.142
0 0.209 0.441 0.025 0.127
1 0.436 0.418 0.005 0.028
1 0.706 0.441 0.032 0.15
1 0.803 0.407 0.061 0.187
2 0.483 0.421 0.01 0.029
2 0.487 0.422 0.016 0.026
2 0.412 0.412 0.044 0.102
2 0.424 0.435 0.015 0.067
2 0.417 0.436 0.01 0.076
2 0.393 0.44 0.065 0.093
7 0.437 0.425 0.005 0.017
7 0.51 0.433 0.013 0.045
7 0.703 0.466 0.081 0.102
7 0.792 0.479 0.115 0.144
