0 0.558 0.401 0.008 0.034
0 0.567 0.402 0.006 0.034
0 0.684 0.385 0.004 0.009
0 0.69 0.392 0.005 0.016
0 0.7 0.4 0.006 0.025
0 0.785 0.401 0.011 0.065
0 0.803 0.399 0.01 0.062
1 0.582 0.396 0.006 0.022
2 0.084 0.501 0.163 0.345
2 0.624 0.396 0.008 0.013
2 0.621 0.398 0.005 0.013
2 0.591 0.396 0.01 0.021
2 0.603 0.393 0.014 0.022
2 0.602 0.404 0.015 0.022
2 0.652 0.394 0.009 0.018
2 0.648 0.403 0.014 0.022
2 0.66 0.407 0.012 0.028
2 0.677 0.405 0.028 0.041
2 0.772 0.411 0.007 0.031
2 0.782 0.405 0.021 0.043
2 0.892 0.425 0.126 0.181
3 0.62 0.387 0.01 0.011
6 0.374 0.432 0.025 0.087
7 0.267 0.438 0.057 0.071
7 0.583 0.404 0.005 0.017
