0 0.621 0.424 0.014 0.086
0 0.645 0.419 0.01 0.086
0 0.635 0.423 0.015 0.092
0 0.657 0.423 0.008 0.087
0 0.691 0.386 0.006 0.011
0 0.701 0.42 0.015 0.094
0 0.691 0.427 0.017 0.084
0 0.676 0.421 0.014 0.088
0 0.665 0.425 0.02 0.089
0 0.752 0.391 0.017 0.038
0 0.728 0.425 0.012 0.084
0 0.718 0.424 0.016 0.089
0 0.054 0.413 0.011 0.016
0 0.242 0.496 0.117 0.396
0 0.353 0.478 0.076 0.373
0 0.42 0.505 0.086 0.367
0 0.425 0.501 0.066 0.447
1 0.091 0.422 0.019 0.037
2 0.955 0.399 0.086 0.057
2 0.865 0.458 0.265 0.204
2 0.049 0.452 0.091 0.062
2 0.094 0.457 0.013 0.044
2 0.378 0.462 0.191 0.145
2 0.216 0.456 0.237 0.19
