0 0.559 0.394 0.009 0.039
0 0.566 0.392 0.008 0.047
0 0.551 0.399 0.013 0.071
0 0.544 0.398 0.017 0.073
0 0.574 0.392 0.014 0.086
0 0.588 0.403 0.006 0.04
0 0.86 0.398 0.06 0.283
0 0.779 0.4 0.046 0.292
0 0.73 0.386 0.06 0.337
0 0.369 0.406 0.004 0.041
0 0.373 0.406 0.009 0.043
0 0.365 0.408 0.008 0.048
0 0.347 0.41 0.005 0.047
0 0.351 0.412 0.009 0.046
0 0.341 0.411 0.007 0.041
0 0.333 0.412 0.009 0.054
0 0.323 0.402 0.01 0.036
0 0.315 0.389 0.009 0.021
0 0.084 0.405 0.012 0.047
0 0.069 0.407 0.018 0.052
0 0.046 0.409 0.014 0.051
1 0.6 0.407 0.036 0.164
2 0.426 0.401 0.015 0.016
2 0.405 0.41 0.027 0.042
2 0.441 0.405 0.023 0.033
2 0.51 0.387 0.009 0.012
2 0.517 0.387 0.012 0.01
2 0.518 0.397 0.015 0.021
2 0.546 0.397 0.035 0.02
2 0.875 0.365 0.157 0.211
2 0.503 0.401 0.025 0.025
2 0.272 0.372 0.053 0.078
2 0.282 0.44 0.088 0.11
2 0.026 0.474 0.045 0.117
3 0.457 0.384 0.028 0.024
3 0.191 0.422 0.125 0.17
7 0.601 0.453 0.028 0.118
7 0.06 0.421 0.015 0.028
7 0.079 0.42 0.014 0.029
