0 0.725 0.402 0.022 0.067
0 0.827 0.388 0.022 0.08
0 0.543 0.401 0.005 0.026
0 0.493 0.398 0.003 0.021
0 0.26 0.391 0.017 0.052
2 0.542 0.396 0.003 0.028
2 0.551 0.393 0.018 0.045
2 0.554 0.405 0.014 0.031
2 0.564 0.407 0.02 0.033
2 0.588 0.423 0.016 0.065
2 0.601 0.423 0.029 0.079
2 0.636 0.433 0.065 0.117
2 0.668 0.449 0.102 0.122
2 0.521 0.4 0.011 0.015
2 0.481 0.402 0.013 0.02
2 0.47 0.406 0.015 0.028
2 0.465 0.41 0.01 0.03
2 0.452 0.408 0.021 0.041
2 0.434 0.418 0.03 0.044
2 0.335 0.44 0.072 0.091
2 0.119 0.413 0.232 0.37
7 0.798 0.435 0.087 0.109
7 0.387 0.43 0.036 0.045
7 0.259 0.439 0.048 0.062
