0 0.391 0.379 0.007 0.021
1 0.569 0.372 0.013 0.023
1 0.28 0.382 0.009 0.027
1 0.415 0.367 0.008 0.019
2 0.828 0.391 0.034 0.042
2 0.713 0.388 0.045 0.048
2 0.679 0.387 0.025 0.044
2 0.638 0.416 0.082 0.121
2 0.764 0.417 0.103 0.124
2 0.891 0.404 0.12 0.159
2 0.15 0.395 0.05 0.043
2 0.105 0.396 0.05 0.046
2 0.081 0.404 0.041 0.047
2 0.251 0.396 0.06 0.048
2 0.442 0.38 0.069 0.065
2 0.531 0.377 0.075 0.093
2 0.515 0.433 0.113 0.187
2 0.345 0.372 0.012 0.02
2 0.954 0.431 0.087 0.186
7 0.572 0.393 0.017 0.028
7 0.408 0.399 0.008 0.018
7 0.187 0.392 0.026 0.028
7 0.285 0.404 0.01 0.021
7 0.392 0.39 0.003 0.014
