0 0.99 0.458 0.016 0.161
0 0.164 0.461 0.031 0.158
0 0.182 0.479 0.022 0.106
1 0.609 0.444 0.043 0.196
1 0.676 0.466 0.058 0.318
1 0.796 0.474 0.088 0.452
2 0.628 0.387 0.02 0.033
2 0.642 0.39 0.016 0.036
2 0.489 0.407 0.046 0.098
2 0.537 0.388 0.032 0.019
2 0.557 0.428 0.036 0.071
2 0.421 0.408 0.096 0.146
2 0.521 0.438 0.062 0.084
2 0.339 0.469 0.102 0.117
2 0.439 0.462 0.093 0.127
7 0.289 0.447 0.015 0.049
7 0.268 0.446 0.028 0.068
7 0.603 0.505 0.05 0.137
7 0.673 0.567 0.035 0.229
7 0.761 0.493 0.037 0.078
7 0.807 0.608 0.06 0.31
