0 0.405 0.358 0.016 0.046
0 0.421 0.364 0.014 0.042
0 0.314 0.379 0.015 0.091
0 0.192 0.43 0.044 0.252
2 0.375 0.324 0.016 0.019
2 0.383 0.34 0.02 0.039
2 0.402 0.359 0.03 0.051
2 0.393 0.377 0.031 0.039
2 0.361 0.378 0.049 0.062
2 0.341 0.382 0.046 0.068
2 0.301 0.384 0.064 0.075
2 0.265 0.386 0.077 0.072
2 0.604 0.398 0.044 0.06
2 0.611 0.376 0.033 0.049
2 0.696 0.39 0.04 0.054
2 0.57 0.395 0.038 0.062
2 0.557 0.397 0.033 0.062
2 0.515 0.404 0.063 0.084
2 0.461 0.411 0.126 0.095
2 0.745 0.505 0.157 0.26
2 0.863 0.579 0.269 0.371
6 0.379 0.41 0.05 0.075
