0 0.358 0.445 0.014 0.082
0 0.373 0.447 0.017 0.08
0 0.391 0.447 0.015 0.081
0 0.274 0.442 0.027 0.15
0 0.3 0.443 0.027 0.143
0 0.327 0.439 0.023 0.155
0 0.154 0.472 0.029 0.147
0 0.17 0.443 0.063 0.203
0 0.168 0.482 0.036 0.129
2 0.479 0.47 0.006 0.04
2 0.498 0.457 0.016 0.062
2 0.451 0.46 0.056 0.078
2 0.506 0.457 0.018 0.07
2 0.514 0.456 0.016 0.078
2 0.541 0.448 0.053 0.104
2 0.544 0.456 0.033 0.104
2 0.564 0.46 0.05 0.129
2 0.6 0.455 0.061 0.149
2 0.635 0.473 0.092 0.2
2 0.756 0.485 0.235 0.332
2 0.896 0.625 0.204 0.601
