1 0.341 0.412 0.026 0.087
2 0.464 0.403 0.018 0.03
2 0.437 0.403 0.016 0.029
2 0.433 0.404 0.012 0.027
2 0.423 0.407 0.014 0.033
2 0.417 0.409 0.012 0.035
2 0.404 0.406 0.023 0.042
2 0.397 0.411 0.026 0.041
2 0.377 0.415 0.028 0.046
2 0.349 0.418 0.04 0.055
2 0.311 0.421 0.038 0.075
2 0.276 0.423 0.051 0.094
2 0.227 0.43 0.072 0.114
2 0.17 0.441 0.076 0.127
2 0.083 0.452 0.131 0.156
2 0.016 0.396 0.026 0.319
2 0.6 0.41 0.014 0.042
2 0.609 0.413 0.029 0.049
2 0.641 0.406 0.042 0.082
2 0.651 0.419 0.04 0.072
2 0.666 0.424 0.037 0.084
2 0.698 0.425 0.058 0.104
2 0.734 0.432 0.08 0.118
2 0.785 0.445 0.094 0.138
2 0.843 0.46 0.098 0.189
2 0.938 0.457 0.12 0.373
6 0.342 0.437 0.021 0.063
