2 0.545 0.4 0.005 0.017
2 0.529 0.4 0.016 0.023
2 0.776 0.378 0.034 0.024
2 0.554 0.399 0.014 0.021
2 0.588 0.402 0.015 0.035
2 0.592 0.407 0.013 0.038
2 0.595 0.408 0.008 0.035
2 0.6 0.407 0.013 0.038
2 0.608 0.405 0.015 0.04
2 0.619 0.402 0.029 0.039
2 0.652 0.379 0.042 0.02
2 0.658 0.455 0.236 0.18
2 0.836 0.499 0.197 0.293
2 0.903 0.636 0.188 0.585
2 0.492 0.413 0.014 0.055
2 0.466 0.421 0.037 0.071
2 0.397 0.446 0.04 0.124
2 0.295 0.403 0.184 0.336
2 0.166 0.524 0.209 0.3
2 0.05 0.56 0.093 0.417
