0 0.869 0.349 0.009 0.021
1 0.629 0.403 0.005 0.021
1 0.554 0.407 0.007 0.028
1 0.423 0.421 0.021 0.075
2 0.384 0.412 0.019 0.018
2 0.374 0.418 0.038 0.031
2 0.302 0.422 0.016 0.036
2 0.359 0.425 0.02 0.033
2 0.316 0.424 0.02 0.033
2 0.225 0.432 0.012 0.025
2 0.209 0.427 0.021 0.034
2 0.188 0.433 0.027 0.05
2 0.172 0.442 0.036 0.045
2 0.698 0.389 0.016 0.013
2 0.692 0.403 0.016 0.024
2 0.714 0.403 0.018 0.024
2 0.814 0.397 0.049 0.07
2 0.844 0.393 0.052 0.069
2 0.88 0.399 0.082 0.097
2 0.673 0.407 0.022 0.035
2 0.894 0.402 0.084 0.098
2 0.914 0.401 0.078 0.105
2 0.962 0.384 0.071 0.106
2 0.986 0.406 0.024 0.058
3 0.595 0.387 0.015 0.025
6 0.422 0.439 0.015 0.062
