0 0.677 0.327 0.004 0.021
0 0.202 0.432 0.043 0.17
0 0.542 0.346 0.01 0.012
0 0.512 0.354 0.014 0.027
0 0.571 0.462 0.063 0.308
2 0.749 0.312 0.025 0.026
2 0.837 0.307 0.04 0.032
2 0.846 0.325 0.053 0.015
2 0.712 0.332 0.031 0.033
2 0.699 0.336 0.03 0.028
2 0.028 0.38 0.049 0.12
2 0.747 0.339 0.031 0.035
2 0.877 0.306 0.027 0.029
2 0.91 0.307 0.079 0.054
2 0.641 0.34 0.037 0.011
2 0.622 0.362 0.045 0.043
2 0.664 0.377 0.073 0.081
2 0.485 0.368 0.046 0.052
2 0.408 0.428 0.157 0.133
2 0.536 0.432 0.207 0.163
2 0.812 0.397 0.121 0.107
