0 0.55 0.379 0.007 0.047
0 0.562 0.377 0.015 0.074
0 0.594 0.373 0.009 0.045
0 0.611 0.375 0.007 0.056
0 0.603 0.381 0.014 0.073
0 0.619 0.381 0.016 0.072
0 0.66 0.389 0.011 0.09
0 0.646 0.391 0.022 0.152
0 0.686 0.395 0.017 0.102
0 0.669 0.399 0.024 0.13
0 0.728 0.376 0.015 0.13
0 0.71 0.382 0.025 0.124
0 0.745 0.396 0.038 0.202
0 0.806 0.391 0.026 0.187
0 0.79 0.394 0.042 0.195
2 0.46 0.398 0.023 0.057
2 0.442 0.399 0.027 0.078
2 0.431 0.406 0.017 0.089
2 0.401 0.402 0.062 0.121
2 0.375 0.421 0.065 0.133
2 0.336 0.443 0.081 0.181
2 0.278 0.47 0.12 0.247
2 0.138 0.502 0.271 0.442
2 0.018 0.677 0.029 0.312
2 0.515 0.401 0.07 0.118
