0 0.506 0.424 0.055 0.161
1 0.337 0.404 0.024 0.137
2 0.572 0.425 0.021 0.07
2 0.574 0.428 0.018 0.073
2 0.605 0.425 0.066 0.104
2 0.305 0.403 0.034 0.066
2 0.765 0.508 0.158 0.277
2 0.896 0.579 0.204 0.54
2 0.461 0.37 0.057 0.032
2 0.41 0.366 0.053 0.03
2 0.486 0.41 0.036 0.053
2 0.46 0.384 0.002 0.001
2 0.446 0.41 0.036 0.059
2 0.409 0.408 0.055 0.066
2 0.389 0.412 0.013 0.053
2 0.351 0.399 0.069 0.075
2 0.292 0.416 0.033 0.094
2 0.287 0.417 0.023 0.091
2 0.989 0.667 0.017 0.256
7 0.668 0.475 0.07 0.131
7 0.178 0.446 0.052 0.111
7 0.024 0.44 0.042 0.113
7 0.059 0.439 0.045 0.116
7 0.083 0.439 0.06 0.116
7 0.129 0.437 0.042 0.12
