0 0.764 0.417 0.002 0.011
0 0.736 0.424 0.007 0.032
0 0.614 0.404 0.006 0.017
0 0.468 0.37 0.012 0.017
0 0.65 0.423 0.012 0.055
0 0.641 0.419 0.01 0.062
0 0.271 0.425 0.029 0.173
2 0.792 0.429 0.026 0.029
2 0.75 0.427 0.03 0.031
2 0.716 0.419 0.034 0.042
2 0.677 0.418 0.019 0.045
2 0.599 0.415 0.026 0.048
2 0.585 0.417 0.047 0.052
2 0.47 0.423 0.037 0.095
2 0.417 0.423 0.077 0.124
2 0.336 0.431 0.114 0.154
2 0.195 0.414 0.196 0.26
2 0.513 0.435 0.104 0.134
2 0.906 0.442 0.042 0.088
2 0.93 0.416 0.004 0.024
2 0.949 0.451 0.064 0.104
2 0.975 0.46 0.046 0.124
