0 0.086 0.374 0.014 0.027
0 0.1 0.386 0.018 0.047
0 0.082 0.388 0.029 0.042
0 0.054 0.388 0.016 0.044
0 0.039 0.389 0.028 0.043
0 0.909 0.439 0.008 0.097
0 0.902 0.441 0.021 0.107
1 0.451 0.4 0.029 0.104
1 0.518 0.412 0.032 0.109
2 0.783 0.422 0.064 0.064
2 0.609 0.419 0.012 0.04
2 0.469 0.41 0.036 0.052
2 0.512 0.407 0.038 0.054
6 0.354 0.411 0.005 0.027
6 0.373 0.406 0.011 0.043
7 0.187 0.434 0.029 0.087
7 0.709 0.423 0.011 0.04
7 0.384 0.416 0.013 0.031
7 0.396 0.412 0.011 0.033
7 0.411 0.413 0.012 0.031
7 0.448 0.442 0.038 0.074
7 0.521 0.444 0.05 0.09
