0 0.353 0.449 0.032 0.144
0 0.399 0.408 0.015 0.061
0 0.409 0.457 0.023 0.126
0 0.476 0.452 0.024 0.103
0 0.48 0.452 0.025 0.106
0 0.523 0.452 0.022 0.104
0 0.614 0.438 0.015 0.076
0 0.595 0.44 0.019 0.094
0 0.676 0.438 0.021 0.05
0 0.713 0.435 0.011 0.058
0 0.722 0.439 0.004 0.042
0 0.731 0.453 0.026 0.103
0 0.703 0.447 0.031 0.107
0 0.84 0.433 0.014 0.068
0 0.86 0.438 0.013 0.076
0 0.867 0.444 0.012 0.069
0 0.88 0.417 0.005 0.024
0 0.884 0.438 0.013 0.066
0 0.9 0.462 0.026 0.132
0 0.926 0.48 0.036 0.158
0 0.969 0.489 0.035 0.151
0 0.828 0.448 0.021 0.096
0 0.815 0.451 0.015 0.102
0 0.79 0.445 0.022 0.118
0 0.806 0.448 0.02 0.109
