0 0.42 0.397 0.006 0.02
2 0.445 0.406 0.018 0.03
2 0.382 0.417 0.035 0.059
2 0.48 0.405 0.015 0.026
2 0.465 0.4 0.016 0.02
2 0.503 0.407 0.032 0.053
2 0.531 0.396 0.012 0.029
2 0.535 0.403 0.009 0.039
2 0.537 0.405 0.006 0.04
2 0.553 0.408 0.033 0.056
6 0.26 0.438 0.03 0.098
7 0.423 0.418 0.012 0.024
7 0.731 0.398 0.012 0.034
7 0.807 0.398 0.01 0.05
7 0.634 0.419 0.012 0.061
7 0.652 0.418 0.019 0.077
7 0.717 0.432 0.035 0.109
7 0.76 0.439 0.03 0.139
7 0.112 0.488 0.12 0.136
7 0.328 0.44 0.034 0.066
