0 0.329 0.371 0.009 0.043
0 0.319 0.375 0.005 0.035
0 0.024 0.439 0.043 0.471
0 0.077 0.454 0.088 0.493
1 0.585 0.397 0.011 0.101
1 0.574 0.383 0.021 0.093
1 0.611 0.397 0.018 0.088
1 0.631 0.397 0.02 0.089
2 0.464 0.371 0.016 0.025
2 0.472 0.379 0.012 0.022
2 0.462 0.378 0.006 0.022
2 0.44 0.383 0.045 0.071
2 0.402 0.379 0.017 0.028
2 0.386 0.383 0.015 0.033
2 0.252 0.378 0.036 0.044
2 0.214 0.378 0.028 0.039
2 0.188 0.375 0.025 0.04
2 0.175 0.377 0.016 0.046
2 0.153 0.376 0.041 0.053
2 0.136 0.38 0.037 0.051
2 0.127 0.384 0.029 0.059
7 0.485 0.395 0.022 0.027
7 0.555 0.416 0.012 0.063
7 0.584 0.418 0.014 0.069
7 0.574 0.418 0.017 0.075
7 0.612 0.431 0.015 0.068
7 0.752 0.42 0.008 0.041
7 0.631 0.431 0.021 0.073
