0 0.741 0.399 0.006 0.03
0 0.75 0.399 0.005 0.027
0 0.442 0.375 0.009 0.023
0 0.563 0.405 0.018 0.046
0 0.545 0.398 0.015 0.068
0 0.534 0.398 0.014 0.069
0 0.563 0.398 0.013 0.069
0 0.638 0.4 0.01 0.058
0 0.628 0.399 0.011 0.057
0 0.709 0.397 0.011 0.052
0 0.881 0.416 0.021 0.1
0 0.954 0.491 0.086 0.542
0 0.14 0.397 0.016 0.091
2 0.136 0.39 0.042 0.062
2 0.167 0.395 0.037 0.062
2 0.205 0.396 0.055 0.064
2 0.26 0.399 0.082 0.082
2 0.015 0.366 0.011 0.036
2 0.004 0.385 0.003 0.077
2 0.064 0.365 0.041 0.022
2 0.035 0.398 0.052 0.069
2 0.085 0.4 0.078 0.081
2 0.905 0.407 0.011 0.032
7 0.342 0.4 0.009 0.037
7 0.875 0.446 0.051 0.04
