0 0.599 0.397 0.011 0.05
0 0.433 0.4 0.011 0.057
0 0.445 0.403 0.012 0.051
0 0.396 0.406 0.012 0.073
0 0.404 0.414 0.014 0.067
0 0.347 0.42 0.022 0.105
0 0.283 0.425 0.026 0.146
2 0.507 0.379 0.013 0.018
2 0.562 0.396 0.021 0.042
2 0.562 0.401 0.019 0.038
2 0.562 0.405 0.012 0.043
2 0.576 0.407 0.03 0.047
2 0.647 0.429 0.076 0.141
2 0.662 0.447 0.074 0.165
2 0.719 0.462 0.102 0.229
2 0.845 0.507 0.278 0.335
2 0.534 0.408 0.04 0.061
4 0.53 0.375 0.034 0.091
7 0.4 0.424 0.02 0.044
7 0.211 0.459 0.023 0.109
