0 0.608 0.43 0.005 0.027
0 0.615 0.427 0.008 0.023
0 0.664 0.416 0.008 0.06
0 0.656 0.423 0.012 0.059
0 0.676 0.414 0.02 0.085
0 0.688 0.412 0.021 0.085
0 0.736 0.409 0.018 0.085
0 0.761 0.412 0.016 0.101
0 0.772 0.41 0.021 0.104
0 0.791 0.413 0.019 0.101
0 0.805 0.411 0.03 0.127
0 0.83 0.415 0.028 0.122
0 0.857 0.428 0.024 0.126
0 0.876 0.418 0.026 0.131
0 0.993 0.433 0.01 0.129
0 0.542 0.415 0.012 0.071
0 0.503 0.416 0.021 0.07
0 0.461 0.42 0.006 0.023
0 0.445 0.424 0.006 0.028
0 0.432 0.424 0.008 0.036
0 0.421 0.414 0.019 0.106
0 0.394 0.446 0.004 0.034
0 0.361 0.4 0.017 0.104
0 0.38 0.417 0.037 0.206
0 0.269 0.321 0.018 0.047
0 0.293 0.401 0.041 0.199
0 0.283 0.479 0.006 0.033
0 0.103 0.405 0.042 0.295
0 0.644 0.411 0.014 0.083
0 0.454 0.427 0.005 0.034
0 0.449 0.428 0.006 0.03
1 0.704 0.394 0.012 0.073
1 0.722 0.394 0.009 0.076
1 0.717 0.393 0.017 0.088
2 0.529 0.422 0.026 0.053
6 0.724 0.439 0.004 0.023
6 0.717 0.44 0.013 0.026
7 0.249 0.448 0.075 0.198
