0 0.289 0.43 0.011 0.027
0 0.284 0.441 0.014 0.039
0 0.272 0.445 0.014 0.056
0 0.263 0.475 0.017 0.112
0 0.256 0.465 0.02 0.135
0 0.245 0.475 0.011 0.099
0 0.238 0.47 0.014 0.111
0 0.23 0.463 0.022 0.135
0 0.213 0.475 0.013 0.101
0 0.225 0.468 0.034 0.133
0 0.201 0.468 0.023 0.121
0 0.169 0.467 0.022 0.131
0 0.143 0.466 0.023 0.132
0 0.118 0.472 0.028 0.117
0 0.042 0.473 0.033 0.153
0 0.552 0.466 0.019 0.111
0 0.554 0.473 0.014 0.098
0 0.789 0.455 0.011 0.091
0 0.794 0.455 0.017 0.099
0 0.818 0.465 0.011 0.078
0 0.814 0.454 0.02 0.103
0 0.878 0.446 0.024 0.115
0 0.901 0.447 0.015 0.107
2 0.491 0.472 0.003 0.007
2 0.495 0.475 0.009 0.016
2 0.52 0.472 0.009 0.011
2 0.523 0.484 0.009 0.028
2 0.536 0.485 0.024 0.05
2 0.507 0.485 0.026 0.035
2 0.485 0.491 0.021 0.06
2 0.44 0.479 0.071 0.102
2 0.33 0.481 0.137 0.149
2 0.667 0.473 0.059 0.11
2 0.627 0.507 0.137 0.151
7 0.764 0.477 0.028 0.051
