0 0.518 0.455 0.003 0.017
0 0.5 0.453 0.003 0.015
0 0.622 0.443 0.009 0.039
2 0.502 0.409 0.005 0.009
2 0.51 0.405 0.005 0.006
2 0.516 0.406 0.005 0.006
2 0.402 0.47 0.018 0.055
2 0.389 0.472 0.023 0.057
2 0.371 0.474 0.025 0.07
2 0.32 0.443 0.083 0.145
2 0.119 0.468 0.093 0.087
2 0.564 0.45 0.04 0.077
2 0.583 0.462 0.037 0.078
2 0.594 0.476 0.042 0.064
2 0.63 0.496 0.045 0.127
2 0.779 0.455 0.077 0.097
2 0.689 0.504 0.122 0.173
2 0.969 0.415 0.056 0.043
2 0.863 0.574 0.269 0.348
2 0.969 0.706 0.057 0.369
4 0.077 0.418 0.009 0.156
