1 0.483 0.369 0.012 0.045
2 0.495 0.373 0.002 0.005
2 0.395 0.358 0.014 0.018
2 0.415 0.351 0.023 0.011
2 0.385 0.372 0.021 0.039
2 0.378 0.387 0.021 0.062
2 0.367 0.391 0.029 0.067
2 0.344 0.394 0.037 0.076
2 0.304 0.36 0.05 0.018
2 0.197 0.412 0.09 0.155
2 0.094 0.457 0.176 0.191
2 0.484 0.356 0.025 0.054
2 0.476 0.353 0.012 0.006
2 0.473 0.373 0.016 0.041
2 0.45 0.373 0.035 0.071
2 0.416 0.396 0.06 0.09
2 0.558 0.359 0.006 0.003
2 0.567 0.357 0.012 0.016
2 0.607 0.361 0.018 0.037
2 0.626 0.364 0.029 0.051
2 0.569 0.361 0.007 0.018
2 0.573 0.373 0.009 0.045
2 0.588 0.376 0.027 0.051
2 0.683 0.412 0.084 0.156
2 0.724 0.446 0.125 0.157
2 0.858 0.425 0.106 0.146
2 0.279 0.474 0.172 0.218
2 0.542 0.417 0.071 0.114
6 0.483 0.383 0.007 0.032
