0 0.827 0.35 0.014 0.026
0 0.069 0.471 0.032 0.123
2 0.511 0.389 0.005 0.006
2 0.511 0.396 0.007 0.012
2 0.518 0.396 0.009 0.011
2 0.524 0.408 0.013 0.022
2 0.528 0.43 0.003 0.024
2 0.539 0.427 0.021 0.045
2 0.542 0.438 0.014 0.051
2 0.547 0.438 0.018 0.054
2 0.562 0.44 0.026 0.069
2 0.577 0.444 0.025 0.099
2 0.592 0.454 0.047 0.116
2 0.61 0.474 0.043 0.147
2 0.672 0.483 0.131 0.201
2 0.873 0.589 0.25 0.543
2 0.969 0.807 0.058 0.377
2 0.472 0.434 0.011 0.023
2 0.469 0.436 0.009 0.021
2 0.462 0.435 0.014 0.022
2 0.459 0.439 0.012 0.024
2 0.455 0.44 0.007 0.023
2 0.438 0.442 0.018 0.035
2 0.431 0.446 0.015 0.033
2 0.419 0.448 0.018 0.04
2 0.407 0.453 0.03 0.041
2 0.485 0.433 0.016 0.032
2 0.509 0.437 0.04 0.07
2 0.322 0.525 0.168 0.216
2 0.041 0.532 0.076 0.206
3 0.474 0.418 0.014 0.021
3 0.219 0.435 0.214 0.367
