0 0.647 0.466 0.046 0.227
2 0.38 0.407 0.004 0.018
2 0.392 0.407 0.024 0.023
2 0.422 0.404 0.031 0.022
2 0.55 0.386 0.022 0.036
2 0.516 0.423 0.021 0.047
2 0.528 0.428 0.034 0.051
2 0.576 0.435 0.038 0.062
2 0.597 0.444 0.024 0.072
2 0.605 0.445 0.025 0.084
2 0.644 0.439 0.077 0.126
2 0.726 0.458 0.11 0.202
2 0.78 0.494 0.127 0.223
2 0.889 0.533 0.217 0.345
2 0.971 0.688 0.052 0.311
2 0.398 0.469 0.054 0.105
2 0.345 0.491 0.086 0.158
2 0.289 0.524 0.113 0.2
2 0.143 0.567 0.234 0.318
2 0.031 0.668 0.056 0.392
3 0.475 0.416 0.044 0.104
