0 0.498 0.422 0.003 0.015
0 0.477 0.445 0.006 0.032
0 0.484 0.443 0.008 0.044
0 0.495 0.445 0.014 0.043
0 0.511 0.427 0.004 0.015
0 0.513 0.443 0.009 0.039
0 0.522 0.441 0.005 0.052
0 0.527 0.431 0.007 0.036
0 0.414 0.427 0.007 0.023
0 0.42 0.428 0.006 0.02
0 0.425 0.424 0.008 0.024
0 0.401 0.433 0.003 0.014
0 0.398 0.429 0.004 0.021
0 0.394 0.426 0.011 0.028
0 0.384 0.429 0.018 0.036
0 0.37 0.43 0.013 0.033
0 0.364 0.428 0.012 0.036
0 0.33 0.42 0.015 0.022
0 0.331 0.437 0.017 0.061
0 0.32 0.438 0.015 0.056
0 0.305 0.435 0.02 0.03
0 0.269 0.429 0.015 0.038
0 0.281 0.4 0.033 0.1
0 0.262 0.439 0.027 0.096
0 0.229 0.407 0.028 0.034
0 0.25 0.446 0.029 0.089
0 0.202 0.406 0.015 0.062
0 0.205 0.417 0.018 0.039
0 0.223 0.43 0.048 0.103
0 0.176 0.416 0.016 0.055
0 0.191 0.408 0.007 0.058
0 0.114 0.409 0.016 0.059
0 0.145 0.407 0.016 0.042
0 0.161 0.417 0.042 0.079
0 0.131 0.419 0.051 0.071
0 0.079 0.392 0.006 0.024
0 0.05 0.401 0.013 0.041
0 0.076 0.419 0.05 0.102
0 0.045 0.431 0.046 0.121
0 0.341 0.462 0.035 0.193
0 0.583 0.442 0.02 0.103
0 0.598 0.438 0.017 0.078
0 0.615 0.441 0.017 0.073
0 0.685 0.431 0.008 0.028
0 0.677 0.44 0.017 0.05
0 0.836 0.388 0.051 0.171
0 0.882 0.381 0.04 0.162
0 0.567 0.421 0.016 0.033
2 0.656 0.435 0.025 0.022
2 0.689 0.428 0.01 0.022
2 0.747 0.427 0.023 0.031
6 0.903 0.54 0.188 0.426
