0 0.286 0.394 0.007 0.014
0 0.294 0.395 0.005 0.018
0 0.522 0.396 0.006 0.023
0 0.762 0.397 0.014 0.052
0 0.753 0.399 0.013 0.107
0 0.742 0.397 0.021 0.12
0 0.788 0.373 0.025 0.073
2 0.237 0.391 0.021 0.031
2 0.527 0.382 0.007 0.017
2 0.516 0.382 0.009 0.011
2 0.491 0.382 0.009 0.015
2 0.475 0.382 0.01 0.014
2 0.503 0.388 0.018 0.019
2 0.435 0.395 0.018 0.023
2 0.393 0.399 0.011 0.029
2 0.388 0.406 0.015 0.035
2 0.268 0.402 0.008 0.023
2 0.279 0.404 0.022 0.028
2 0.321 0.411 0.025 0.034
2 0.65 0.395 0.054 0.062
2 0.678 0.398 0.074 0.059
2 0.413 0.4 0.023 0.04
3 0.458 0.39 0.03 0.037
3 0.655 0.36 0.101 0.102
6 0.826 0.405 0.044 0.11
7 0.596 0.402 0.014 0.031
