0 0.432 0.406 0.009 0.036
0 0.422 0.42 0.011 0.058
0 0.661 0.438 0.019 0.072
0 0.776 0.458 0.009 0.03
0 0.783 0.457 0.007 0.027
0 0.773 0.498 0.027 0.058
0 0.783 0.503 0.006 0.044
0 0.797 0.515 0.012 0.028
0 0.822 0.483 0.028 0.102
2 0.54 0.395 0.011 0.021
2 0.544 0.398 0.012 0.015
2 0.543 0.406 0.01 0.022
2 0.549 0.409 0.018 0.029
2 0.552 0.416 0.02 0.034
2 0.56 0.433 0.028 0.053
2 0.567 0.437 0.035 0.052
2 0.513 0.426 0.026 0.046
2 0.522 0.444 0.041 0.06
2 0.449 0.443 0.047 0.071
6 0.457 0.402 0.011 0.024
7 0.327 0.458 0.017 0.058
