0 0.108 0.429 0.015 0.06
0 0.125 0.431 0.014 0.062
0 0.589 0.348 0.037 0.056
0 0.516 0.521 0.088 0.633
2 0.203 0.395 0.119 0.119
2 0.1 0.429 0.009 0.043
2 0.056 0.413 0.084 0.18
2 0.014 0.465 0.022 0.162
2 0.275 0.41 0.024 0.044
2 0.265 0.462 0.059 0.075
2 0.299 0.437 0.043 0.134
2 0.362 0.44 0.13 0.156
2 0.397 0.415 0.082 0.081
2 0.414 0.449 0.125 0.18
2 0.642 0.585 0.41 0.437
2 0.896 0.78 0.203 0.43
3 0.572 0.316 0.088 0.134
3 0.649 0.283 0.115 0.177
6 0.166 0.438 0.02 0.059
6 0.191 0.441 0.023 0.064
7 0.239 0.445 0.029 0.059
