0 0.015 0.455 0.024 0.12
0 0.048 0.43 0.042 0.166
0 0.476 0.427 0.014 0.06
0 0.468 0.424 0.009 0.063
0 0.522 0.413 0.005 0.026
0 0.6 0.42 0.006 0.046
0 0.618 0.419 0.005 0.051
0 0.624 0.432 0.01 0.05
0 0.637 0.423 0.008 0.062
0 0.653 0.428 0.011 0.055
0 0.724 0.428 0.019 0.131
0 0.748 0.434 0.037 0.183
0 0.706 0.432 0.015 0.111
0 0.681 0.436 0.011 0.107
0 0.672 0.43 0.021 0.13
0 0.695 0.431 0.029 0.127
0 0.83 0.448 0.033 0.157
0 0.8 0.442 0.03 0.171
2 0.424 0.416 0.016 0.021
2 0.389 0.425 0.027 0.039
2 0.358 0.428 0.042 0.05
2 0.505 0.393 0.006 0.012
2 0.488 0.412 0.01 0.017
2 0.483 0.417 0.012 0.019
2 0.503 0.41 0.01 0.017
2 0.544 0.419 0.014 0.023
2 0.551 0.422 0.013 0.03
2 0.556 0.425 0.014 0.034
2 0.566 0.427 0.017 0.037
2 0.581 0.425 0.028 0.037
