0 0.714 0.44 0.014 0.095
0 0.749 0.433 0.023 0.108
0 0.792 0.427 0.024 0.117
1 0.408 0.522 0.131 0.34
1 0.593 0.594 0.164 0.383
2 0.658 0.407 0.024 0.01
2 0.679 0.411 0.019 0.025
2 0.671 0.442 0.036 0.062
2 0.952 0.45 0.091 0.124
2 0.618 0.411 0.01 0.009
2 0.59 0.42 0.01 0.021
2 0.577 0.412 0.016 0.014
2 0.576 0.424 0.016 0.026
2 0.563 0.43 0.012 0.035
2 0.558 0.431 0.013 0.038
2 0.547 0.435 0.021 0.045
2 0.524 0.442 0.028 0.061
2 0.474 0.42 0.015 0.008
2 0.425 0.458 0.054 0.068
2 0.494 0.448 0.051 0.073
2 0.606 0.421 0.029 0.029
