0 0.492 0.432 0.005 0.025
0 0.488 0.431 0.007 0.028
0 0.454 0.429 0.007 0.042
0 0.446 0.432 0.012 0.04
0 0.435 0.438 0.01 0.023
0 0.426 0.438 0.01 0.023
0 0.416 0.431 0.009 0.044
0 0.39 0.425 0.016 0.049
0 0.262 0.421 0.016 0.086
0 0.247 0.426 0.015 0.068
0 0.233 0.416 0.016 0.089
0 0.559 0.436 0.002 0.029
0 0.555 0.438 0.006 0.039
0 0.638 0.45 0.006 0.026
0 0.796 0.503 0.04 0.21
2 0.576 0.438 0.008 0.016
2 0.361 0.435 0.014 0.024
2 0.586 0.45 0.021 0.032
2 0.618 0.457 0.023 0.04
2 0.686 0.462 0.008 0.024
4 0.525 0.421 0.054 0.073
6 0.024 0.398 0.042 0.042
