1 0.608 0.459 0.02 0.09
1 0.626 0.471 0.027 0.127
2 0.505 0.447 0.021 0.025
2 0.48 0.444 0.02 0.044
2 0.447 0.451 0.009 0.04
2 0.126 0.416 0.192 0.303
2 0.525 0.458 0.029 0.043
2 0.568 0.457 0.008 0.035
2 0.582 0.454 0.023 0.048
2 0.582 0.46 0.024 0.043
2 0.592 0.465 0.022 0.051
2 0.598 0.467 0.017 0.051
2 0.659 0.478 0.055 0.1
2 0.694 0.498 0.07 0.117
2 0.745 0.516 0.109 0.153
2 0.834 0.542 0.16 0.202
2 0.933 0.596 0.129 0.351
7 0.433 0.459 0.028 0.067
7 0.609 0.512 0.011 0.04
7 0.624 0.514 0.012 0.062
